2823.963286
2752.112954
2748.717675
2745.254781
2729.504217
2708.338313
2702.328647
2695.821769
2694.094945
2692.702605
2690.391441
2688.606767
2687.804688
2682.728406
2679.330258
2675.020652
2672.685953
2668.658740
2663.358835
2657.206428
2650.291880
2639.872589
2631.596007
2627.375731
2620.032011
2608.757518
2591.172453
2584.506389
2579.606772
2575.107985
2570.931027
2569.670851
2568.117322
2567.606609
2567.482487
2567.240899
2567.139231
2567.099999
2567.075403
2567.045203
2567.045203
2567.027778
2567.014838
2567.009392
2567.001498
2567.001498
2567.001241
2567.000162
2567.000011
2566.999838
2566.999755
2566.999733
2566.999702
2566.999685
2566.999677
2566.999677
2566.999673
2566.999672
2566.999671
2566.999670
2566.999669
2566.999669
2566.999669
2566.999668
2566.999668
2566.999668
2566.999667
2566.999667
2566.999667
2566.999667
2566.999667
2566.999667
2566.999667
2566.999667
2566.999667
2566.999667
2566.999667
2566.999667
2566.999667
2566.999667
2566.999667
2566.999667
2566.999667
2566.999667
2566.999667
2566.999667
2566.999667
2566.999667
2566.999667
2566.999667
2566.999667
2566.999667
2566.999667
2566.999667
2566.999667
2566.999667
2566.999667
2566.999667
2566.999667
2566.999667
2566.999667
2566.999667
2566.999667
2566.999667
2566.999667
2566.999667
2566.999667
2566.999667
2566.999667
2566.999667
2566.999667
2566.999667
2566.999667
2566.999667
2566.999667
2566.999667
2566.999667
2566.999667
2566.999667
2566.999667
2566.999667
2566.999667
2566.999667
2566.999667
2566.999667
2566.999667
2566.999667
2566.999667
2566.999667
2566.999667
2566.999667
2566.999667
2566.999667
2566.999667
2566.999667
2566.999667
2566.999667
2566.999667
2566.999667
2566.999667
2566.999667
2566.999667
2566.999667
2566.999667
2566.999667
2566.999667
2566.999667
2566.999667
2566.999667
2566.999667
2566.999667
2566.999667
2566.999667
2566.999667
2566.999667
2566.999667
2566.999667
2566.999667
2566.999667
2566.999667
2566.999667
2566.999667
2566.999667
2566.999667
2566.999667
2566.999667
2566.999667
2566.999667
2566.999667
2566.999667
2566.999667
2566.999667
2566.999667
2566.999667
2566.999667
2566.999667
2566.999667
2566.999667
2566.999667
2566.999667
2566.999667
2566.999667
2566.999667
2566.999667
2566.999667
2566.999667
2566.999667
2566.999667
2566.999667
2566.999667
2566.999667
2566.999667
