3061.724526
2948.504116
2881.508527
2847.396672
2804.682816
2792.043366
2756.505549
2727.054702
2699.952813
2683.918305
2672.184855
2663.197005
2655.651639
2652.810627
2649.474732
2648.392078
2646.212215
2645.174295
2644.263053
2643.199249
2642.563769
2641.959189
2640.754799
2640.153671
2638.013191
2637.469162
2636.635972
2635.061584
2634.071428
2633.347270
2631.023744
2629.875906
2629.269644
2624.906449
2624.205652
2620.513286
2618.660592
2615.055701
2612.885769
2608.231043
2605.663990
2601.191355
2598.247361
2592.976066
2582.372413
2577.509077
2575.608150
2569.248596
2568.410618
2567.885901
2567.327076
2567.108210
2567.011374
2567.011374
2567.009535
2567.007118
2567.003321
2567.000087
2566.999873
2566.999698
2566.999693
2566.999673
2566.999668
2566.999667
2566.999667
2566.999667
2566.999667
2566.999667
2566.999667
2566.999667
2566.999667
2566.999667
2566.999667
2566.999667
2566.999667
2566.999667
2566.999667
2566.999667
2566.999667
2566.999667
2566.999667
2566.999667
2566.999667
2566.999667
2566.999667
2566.999667
2566.999667
2566.999667
2566.999667
2566.999667
2566.999667
2566.999667
2566.999667
2566.999667
2566.999667
2566.999667
2566.999667
2566.999667
2566.999667
2566.999667
2566.999667
2566.999667
2566.999667
2566.999667
2566.999667
2566.999667
2566.999667
2566.999667
2566.999667
2566.999667
2566.999667
2566.999667
2566.999667
2566.999667
2566.999667
2566.999667
2566.999667
2566.999667
2566.999667
2566.999667
2566.999667
2566.999667
2566.999667
2566.999667
2566.999667
2566.999667
2566.999667
2566.999667
2566.999667
2566.999667
2566.999667
2566.999667
2566.999667
2566.999667
2566.999667
2566.999667
2566.999667
2566.999667
2566.999667
2566.999667
2566.999667
2566.999667
2566.999667
2566.999667
2566.999667
2566.999667
2566.999667
2566.999667
2566.999667
2566.999667
2566.999667
2566.999667
2566.999667
2566.999667
2566.999667
2566.999667
2566.999667
2566.999667
2566.999667
2566.999667
2566.999667
2566.999667
2566.999667
2566.999667
2566.999667
2566.999667
2566.999667
2566.999667
2566.999667
2566.999667
2566.999667
2566.999667
2566.999667
2566.999667
2566.999667
2566.999667
2566.999667
