2917.313048
2727.991242
2720.203354
2694.402681
2676.979081
2668.105496
2655.399673
2653.181967
2649.987803
2649.987803
2649.984586
2649.125101
2648.430542
2648.064959
2648.064959
2648.064959
2648.064959
2648.064959
2647.620303
2647.620303
2647.620303
2647.620303
2647.620303
2647.620303
2647.620303
2647.620303
2647.620303
2647.620303
2647.620303
2647.620303
2647.620303
2647.620303
2647.620303
2647.620303
2647.620303
2647.620303
2647.620303
2647.620303
2647.620303
2647.620303
2647.620303
2647.620303
2647.620303
2647.614609
2647.538595
2647.538595
2647.538595
2647.538595
2646.917149
2646.917149
2646.917149
2646.917149
2646.917149
2646.917149
2646.917149
2646.705175
2646.705175
2646.705175
2646.705175
2646.628359
2646.628359
2646.355999
2644.690570
2644.690570
2644.690570
2644.690570
2644.690570
2644.690570
2644.690570
2644.436346
2644.436346
2644.436346
2644.173358
2643.651403
2642.976261
2642.976261
2642.976261
2642.976261
2642.976261
2642.976261
2642.620771
2642.620771
2642.620771
2642.441202
2642.046785
2642.046785
2642.046785
2642.046785
2639.986057
2639.986057
2639.986057
2639.052790
2639.052790
2639.052790
2639.052790
2639.052790
2639.052790
2639.052790
2639.052790
2639.052790
2639.052790
2639.052790
2639.052790
2639.052790
2639.052790
2639.052790
2639.052790
2636.974534
2636.350763
2636.350763
2636.350763
2636.350763
2636.350763
2636.350763
2636.350763
2636.350763
2636.350763
2636.350763
2636.350763
2636.350763
2635.975420
2633.680395
2633.680395
2633.680395
2631.074281
2631.074281
2631.074281
2631.074281
2631.074281
2631.074281
2631.074281
2630.789471
2630.671709
2628.066768
2628.066768
2628.066768
2628.066768
2628.066768
2628.066768
2628.066768
2628.066768
2628.066768
2628.066768
2628.066768
2628.066768
2628.066768
2628.066768
2628.066768
2626.491875
2626.491875
2626.491875
2626.096807
2626.096807
2625.918525
2625.918525
2625.610625
2625.106946
2622.592146
2622.592146
2622.592146
2622.592146
2622.592146
2622.592146
2622.592146
2622.592146
2620.411998
2620.411998
2618.060188
2618.060188
2618.060188
2618.060188
2618.060188
2618.060188
2618.060188
2617.054745
2617.054745
2617.054745
2617.054745
2616.955176
2616.296044
2615.992149
2615.992149
2615.917914
2615.917914
2614.034812
2614.034812
2613.033875
2613.033875
2613.033875
2613.033875
2613.033875
2613.033875
2612.834308
2612.445347
2611.445409
2611.421304
2607.625460
2607.625460
2607.625460
2607.625460
2607.625460
2607.625460
2607.625460
2606.795841
2604.588823
2604.588823
2604.073993
2604.073993
2604.073993
2601.713192
2601.713192
2601.713192
2601.713192
2601.713192
2601.713192
2601.713192
2600.311379
2600.311379
2600.311379
2599.259346
2592.397660
2592.397660
2592.397660
2592.397660
2592.397660
2592.397660
2592.397660
2591.040141
2591.040141
2591.040141
2591.040141
2588.403107
2588.403107
2588.403107
2588.403107
2581.814316
2581.814316
2581.814316
2581.814316
2581.814316
2581.814316
2581.814316
2577.453312
2573.379325
2573.379325
2573.379325
2573.379325
2573.379325
2573.379325
2573.379325
2571.411285
2571.411285
2571.411285
2571.411285
2570.742511
2570.742511
2569.512915
2569.512915
2567.786224
2567.786224
2567.786224
2567.786224
2567.786224
2567.786224
2567.786224
2567.786224
2567.786224
2567.685891
2567.685891
2567.685891
2567.685891
2567.685891
2567.685891
2567.685891
2567.685891
2567.659580
2567.659580
2567.659580
2567.659580
2567.659580
2567.618951
2567.618951
2567.603554
2567.603554
2567.447465
2567.447465
2567.350639
2567.302136
2567.302136
2567.302136
2567.302136
2567.302136
2567.302136
2567.302136
2567.302136
2567.302136
2567.302136
2567.302136
2567.276378
2567.276378
2567.276378
2567.276378
2567.276378
2567.276378
2567.276378
2567.276378
2567.256517
2567.226855
2567.226855
2567.226855
2567.226855
2567.221832
2567.221832
2567.189909
2567.189909
2567.189909
2567.189909
2567.189909
2567.189909
2567.149804
2567.149804
2567.149804
2567.149804
2567.109469
2567.109469
2567.109469
2567.109469
2567.109469
2567.109469
2567.109469
2567.109469
2567.109469
2567.109469
2567.109469
2567.109469
2567.109469
2567.109469
2567.109469
2567.109469
2567.106501
2567.084173
2567.084173
2567.084173
2567.084173
2567.084173
2567.075790
2567.075790
2567.075790
2567.075790
2567.075790
2567.060330
2567.060330
2567.057514
2567.057514
2567.057514
2567.057514
2567.057514
2567.057514
2567.057514
2567.057514
2567.057514
2567.057514
2567.057514
2567.057514
2567.053703
2567.050741
2567.050741
2567.049944
2567.047821
2567.047821
2567.042223
2567.042223
2567.041806
2567.041806
2567.040646
2567.040646
2567.040646
2567.040646
2567.038545
2567.038545
2567.035688
2567.035579
2567.033818
2567.033818
2567.030544
2567.027324
2567.027324
2567.027324
2567.027324
2567.027324
2567.027324
2567.025505
2567.025505
2567.025505
2567.023819
2567.023355
2567.023355
2567.022071
2567.022071
2567.018077
2567.018077
2567.018077
2567.018077
2567.015515
2567.015515
2567.015515
2567.015515
2567.015515
2567.015515
2567.015515
2567.015515
2567.015515
2567.015515
2567.015515
2567.015515
2567.015515
2567.012524
2567.011906
2567.011906
2567.011906
2567.011906
2567.011906
2567.011906
2567.011906
2567.011906
2567.011000
2567.011000
2567.010593
2567.010593
2567.010593
2567.010415
2567.010127
2567.008546
2567.008546
2567.008546
2567.008546
2567.008546
2567.008546
2567.008546
2567.008164
2567.007538
2567.004377
2567.004377
2567.004377
2567.004377
2567.004377
2567.004377
2567.004377
2567.004377
2567.004377
2567.004377
2567.004377
2567.004377
2567.004377
2567.004377
2567.004377
2567.004377
2567.004377
2567.004377
2567.004377
2567.003140
2567.003052
2567.003052
2567.003052
2567.003052
2567.003052
2567.003052
2567.003052
2567.003052
2567.003052
2567.003052
2567.003052
2567.002928
2567.002581
2567.002581
2567.002570
2567.002570
2567.002570
2567.002570
2567.002570
2567.002563
2567.001977
2567.001554
2567.001554
2567.001554
2567.001554
2567.001554
2567.001554
2567.001554
2567.001554
2567.001554
2567.001554
2567.001554
2567.001554
2567.001554
2567.001554
2567.001554
2567.001327
2567.001327
2567.001327
2567.001327
2567.001318
2567.001203
2567.001203
2567.001203
2567.001203
2567.001203
2567.000977
2567.000977
2567.000957
2567.000957
2567.000957
2567.000882
2567.000882
2567.000697
2567.000697
2567.000653
2567.000653
2567.000557
2567.000557
2567.000557
2567.000432
2567.000432
2567.000432
2567.000396
2567.000396
2567.000209
2567.000209
2567.000209
2567.000209
2567.000209
2567.000209
2567.000209
2567.000209
2567.000209
2567.000209
2567.000209
2567.000209
2567.000209
2567.000209
2567.000209
2567.000209
2567.000179
2567.000179
2567.000179
2567.000132
2567.000132
2567.000132
2567.000117
2567.000040
2567.000040
2567.000040
2567.000040
2567.000040
2567.000040
2567.000040
2567.000013
2567.000013
2567.000013
2567.000013
2567.000013
2566.999985
2566.999955
2566.999955
2566.999918
2566.999918
2566.999918
2566.999839
2566.999839
2566.999839
2566.999839
2566.999839
2566.999839
2566.999839
2566.999839
2566.999839
2566.999839
2566.999839
2566.999839
2566.999839
2566.999839
2566.999839
2566.999839
2566.999824
2566.999824
2566.999770
2566.999770
2566.999770
2566.999770
2566.999770
2566.999770
2566.999770
2566.999770
2566.999770
2566.999770
2566.999770
2566.999770
2566.999770
2566.999770
2566.999770
2566.999770
2566.999770
2566.999770
2566.999770
2566.999764
2566.999764
2566.999764
2566.999762
2566.999762
2566.999755
2566.999753
2566.999753
2566.999730
2566.999730
2566.999730
2566.999730
2566.999730
2566.999730
2566.999729
2566.999729
2566.999729
2566.999729
2566.999729
2566.999729
2566.999729
2566.999728
2566.999724
2566.999718
2566.999716
2566.999716
2566.999707
2566.999707
2566.999707
2566.999703
2566.999703
2566.999703
2566.999703
2566.999703
2566.999703
2566.999697
2566.999697
2566.999697
2566.999697
2566.999697
2566.999697
2566.999697
2566.999696
2566.999696
2566.999696
2566.999696
2566.999696
2566.999695
2566.999695
2566.999695
2566.999695
2566.999692
2566.999692
2566.999692
2566.999692
2566.999692
2566.999692
2566.999692
2566.999692
2566.999691
2566.999689
2566.999689
2566.999689
2566.999689
2566.999681
2566.999681
2566.999681
2566.999681
2566.999681
2566.999681
2566.999681
2566.999681
2566.999681
2566.999681
2566.999681
2566.999678
2566.999678
2566.999678
2566.999678
2566.999678
2566.999678
2566.999678
2566.999678
2566.999678
2566.999678
2566.999678
2566.999678
2566.999677
2566.999676
2566.999676
2566.999676
2566.999676
2566.999676
2566.999676
2566.999676
2566.999676
2566.999675
2566.999675
2566.999675
2566.999675
2566.999675
2566.999675
2566.999675
2566.999675
2566.999675
2566.999675
2566.999674
2566.999674
2566.999674
2566.999674
2566.999673
2566.999673
2566.999672
2566.999672
2566.999672
2566.999672
2566.999671
2566.999671
2566.999671
2566.999671
2566.999671
2566.999671
2566.999671
2566.999671
2566.999670
2566.999670
2566.999670
2566.999670
2566.999670
2566.999670
2566.999670
2566.999670
2566.999670
2566.999670
2566.999670
2566.999670
2566.999670
2566.999670
2566.999670
2566.999670
2566.999670
2566.999670
2566.999669
2566.999669
2566.999669
2566.999669
2566.999669
2566.999669
2566.999669
2566.999669
2566.999669
2566.999669
2566.999669
2566.999669
2566.999669
2566.999669
2566.999669
2566.999669
2566.999669
2566.999669
2566.999669
2566.999669
2566.999669
2566.999669
2566.999669
2566.999669
2566.999669
2566.999669
2566.999669
2566.999669
2566.999669
2566.999669
2566.999669
2566.999669
2566.999668
2566.999668
2566.999668
2566.999668
2566.999668
2566.999668
2566.999668
2566.999668
2566.999668
2566.999668
2566.999668
2566.999668
2566.999668
2566.999668
2566.999668
2566.999668
2566.999668
2566.999668
2566.999668
2566.999668
2566.999668
2566.999668
2566.999668
2566.999668
2566.999668
2566.999668
2566.999668
2566.999668
2566.999668
2566.999668
2566.999668
2566.999668
2566.999668
2566.999668
2566.999668
2566.999668
2566.999668
2566.999668
2566.999667
2566.999667
2566.999667
2566.999667
2566.999667
2566.999667
2566.999667
2566.999667
2566.999667
2566.999667
2566.999667
2566.999667
2566.999667
2566.999667
2566.999667
2566.999667
2566.999667
2566.999667
2566.999667
2566.999667
2566.999667
2566.999667
2566.999667
2566.999667
2566.999667
2566.999667
2566.999667
2566.999667
2566.999667
2566.999667
2566.999667
2566.999667
2566.999667
2566.999667
2566.999667
2566.999667
2566.999667
2566.999667
2566.999667
2566.999667
2566.999667
2566.999667
2566.999667
2566.999667
2566.999667
2566.999667
2566.999667
2566.999667
2566.999667
2566.999667
2566.999667
2566.999667
2566.999667
2566.999667
2566.999667
2566.999667
2566.999667
2566.999667
2566.999667
2566.999667
2566.999667
2566.999667
2566.999667
2566.999667
2566.999667
2566.999667
2566.999667
2566.999667
2566.999667
2566.999667
2566.999667
2566.999667
2566.999667
2566.999667
2566.999667
2566.999667
2566.999667
2566.999667
2566.999667
2566.999667
2566.999667
2566.999667
2566.999667
2566.999667
2566.999667
2566.999667
2566.999667
2566.999667
2566.999667
2566.999667
2566.999667
2566.999667
2566.999667
2566.999667
2566.999667
2566.999667
2566.999667
2566.999667
2566.999667
2566.999667
2566.999667
2566.999667
2566.999667
2566.999667
2566.999667
2566.999667
2566.999667
2566.999667
2566.999667
2566.999667
2566.999667
2566.999667
2566.999667
2566.999667
2566.999667
2566.999667
2566.999667
2566.999667
2566.999667
2566.999667
2566.999667
2566.999667
2566.999667
2566.999667
2566.999667
2566.999667
2566.999667
2566.999667
2566.999667
2566.999667
2566.999667
2566.999667
2566.999667
2566.999667
2566.999667
2566.999667
2566.999667
2566.999667
2566.999667
2566.999667
2566.999667
2566.999667
2566.999667
2566.999667
2566.999667
2566.999667
2566.999667
2566.999667
2566.999667
2566.999667
2566.999667
2566.999667
2566.999667
2566.999667
2566.999667
2566.999667
2566.999667
2566.999667
2566.999667
2566.999667
2566.999667
2566.999667
2566.999667
2566.999667
2566.999667
2566.999667
2566.999667
2566.999667
2566.999667
2566.999667
2566.999667
2566.999667
2566.999667
2566.999667
2566.999667
2566.999667
2566.999667
2566.999667
2566.999667
2566.999667
2566.999667
2566.999667
2566.999667
2566.999667
2566.999667
2566.999667
2566.999667
2566.999667
2566.999667
2566.999667
2566.999667
2566.999667
2566.999667
2566.999667
2566.999667
2566.999667
2566.999667
2566.999667
2566.999667
2566.999667
2566.999667
2566.999667
2566.999667
2566.999667
2566.999667
2566.999667
2566.999667
2566.999667
2566.999667
2566.999667
2566.999667
2566.999667
2566.999667
2566.999667
2566.999667
2566.999667
2566.999667
2566.999667
2566.999667
2566.999667
2566.999667
2566.999667
2566.999667
2566.999667
2566.999667
2566.999667
2566.999667
2566.999667
2566.999667
2566.999667
2566.999667
2566.999667
2566.999667
2566.999667
2566.999667
2566.999667
2566.999667
2566.999667
2566.999667
2566.999667
2566.999667
2566.999667
2566.999667
2566.999667
2566.999667
2566.999667
2566.999667
2566.999667
2566.999667
2566.999667
2566.999667
2566.999667
2566.999667
2566.999667
2566.999667
2566.999667
2566.999667
2566.999667
2566.999667
2566.999667
2566.999667
2566.999667
2566.999667
2566.999667
2566.999667
2566.999667
2566.999667
2566.999667
2566.999667
2566.999667
2566.999667
2566.999667
2566.999667
2566.999667
2566.999667
2566.999667
2566.999667
2566.999667
2566.999667
2566.999667
2566.999667
2566.999667
2566.999667
2566.999667
2566.999667
2566.999667
2566.999667
2566.999667
2566.999667
2566.999667
2566.999667
2566.999667
2566.999667
2566.999667
2566.999667
2566.999667
2566.999667
2566.999667
2566.999667
2566.999667
2566.999667
2566.999667
2566.999667
2566.999667
2566.999667
2566.999667
2566.999667
2566.999667
2566.999667
2566.999667
2566.999667
2566.999667
2566.999667
2566.999667
2566.999667
2566.999667
2566.999667
2566.999667
2566.999667
2566.999667
2566.999667
2566.999667
2566.999667
2566.999667
2566.999667
2566.999667
2566.999667
2566.999667
2566.999667
2566.999667
2566.999667
2566.999667
2566.999667
2566.999667
2566.999667
2566.999667
2566.999667
2566.999667
2566.999667
2566.999667
2566.999667
2566.999667
2566.999667
2566.999667
2566.999667
2566.999667
2566.999667
2566.999667
2566.999667
2566.999667
2566.999667
2566.999667
2566.999667
2566.999667
2566.999667
2566.999667
2566.999667
2566.999667
2566.999667
2566.999667
2566.999667
2566.999667
2566.999667
2566.999667
2566.999667
2566.999667
2566.999667
2566.999667
2566.999667
2566.999667
2566.999667
2566.999667
2566.999667
2566.999667
2566.999667
2566.999667
2566.999667
2566.999667
2566.999667
2566.999667
2566.999667
2566.999667
2566.999667
2566.999667
2566.999667
2566.999667
2566.999667
2566.999667
2566.999667
2566.999667
2566.999667
2566.999667
2566.999667
2566.999667
2566.999667
2566.999667
2566.999667
2566.999667
2566.999667
2566.999667
2566.999667
2566.999667
2566.999667
2566.999667
2566.999667
2566.999667
2566.999667
2566.999667
2566.999667
2566.999667
2566.999667
2566.999667
2566.999667
2566.999667
2566.999667
2566.999667
2566.999667
2566.999667
2566.999667
2566.999667
2566.999667
2566.999667
2566.999667
2566.999667
2566.999667
2566.999667
2566.999667
2566.999667
2566.999667
2566.999667
2566.999667
2566.999667
2566.999667
2566.999667
2566.999667
2566.999667
2566.999667
2566.999667
2566.999667
2566.999667
2566.999667
2566.999667
2566.999667
2566.999667
2566.999667
2566.999667
2566.999667
2566.999667
2566.999667
2566.999667
2566.999667
2566.999667
2566.999667
2566.999667
2566.999667
2566.999667
2566.999667
2566.999667
2566.999667
2566.999667
2566.999667
2566.999667
2566.999667
2566.999667
2566.999667
2566.999667
2566.999667
2566.999667
2566.999667
2566.999667
2566.999667
2566.999667
2566.999667
2566.999667
2566.999667
2566.999667
2566.999667
2566.999667
2566.999667
2566.999667
2566.999667
2566.999667
2566.999667
2566.999667
2566.999667
2566.999667
2566.999667
2566.999667
2566.999667
2566.999667
2566.999667
2566.999667
2566.999667
2566.999667
2566.999667
2566.999667
2566.999667
2566.999667
2566.999667
2566.999667
2566.999667
2566.999667
2566.999667
2566.999667
2566.999667
2566.999667
2566.999667
2566.999667
2566.999667
2566.999667
2566.999667
2566.999667
2566.999667
2566.999667
2566.999667
2566.999667
2566.999667
2566.999667
2566.999667
2566.999667
2566.999667
2566.999667
2566.999667
2566.999667
2566.999667
2566.999667
2566.999667
2566.999667
2566.999667
2566.999667
2566.999667
2566.999667
2566.999667
2566.999667
2566.999667
2566.999667
2566.999667
2566.999667
2566.999667
2566.999667
2566.999667
2566.999667
2566.999667
2566.999667
2566.999667
2566.999667
2566.999667
2566.999667
2566.999667
2566.999667
2566.999667
2566.999667
2566.999667
2566.999667
2566.999667
2566.999667
2566.999667
2566.999667
2566.999667
2566.999667
2566.999667
2566.999667
2566.999667
2566.999667
2566.999667
2566.999667
2566.999667
2566.999667
2566.999667
2566.999667
2566.999667
2566.999667
2566.999667
2566.999667
2566.999667
2566.999667
2566.999667
2566.999667
2566.999667
2566.999667
2566.999667
2566.999667
2566.999667
2566.999667
2566.999667
2566.999667
2566.999667
2566.999667
2566.999667
2566.999667
2566.999667
2566.999667
2566.999667
2566.999667
2566.999667
2566.999667
2566.999667
2566.999667
2566.999667
2566.999667
2566.999667
2566.999667
2566.999667
2566.999667
2566.999667
2566.999667
2566.999667
2566.999667
2566.999667
2566.999667
2566.999667
2566.999667
2566.999667
2566.999667
2566.999667
2566.999667
2566.999667
2566.999667
2566.999667
2566.999667
2566.999667
2566.999667
2566.999667
2566.999667
2566.999667
2566.999667
2566.999667
2566.999667
2566.999667
2566.999667
2566.999667
2566.999667
2566.999667
2566.999667
2566.999667
2566.999667
2566.999667
2566.999667
2566.999667
2566.999667
2566.999667
2566.999667
2566.999667
2566.999667
2566.999667
2566.999667
2566.999667
2566.999667
2566.999667
2566.999667
2566.999667
2566.999667
2566.999667
2566.999667
2566.999667
2566.999667
2566.999667
2566.999667
2566.999667
2566.999667
2566.999667
2566.999667
2566.999667
2566.999667
2566.999667
2566.999667
2566.999667
2566.999667
2566.999667
2566.999667
2566.999667
2566.999667
2566.999667
2566.999667
2566.999667
2566.999667
2566.999667
2566.999667
2566.999667
2566.999667
2566.999667
2566.999667
2566.999667
2566.999667
2566.999667
2566.999667
2566.999667
2566.999667
2566.999667
2566.999667
2566.999667
2566.999667
2566.999667
2566.999667
2566.999667
2566.999667
2566.999667
2566.999667
2566.999667
2566.999667
2566.999667
2566.999667
2566.999667
2566.999667
2566.999667
2566.999667
2566.999667
2566.999667
2566.999667
2566.999667
2566.999667
2566.999667
2566.999667
2566.999667
2566.999667
2566.999667
2566.999667
2566.999667
2566.999667
2566.999667
2566.999667
2566.999667
2566.999667
2566.999667
2566.999667
2566.999667
2566.999667
2566.999667
2566.999667
2566.999667
2566.999667
2566.999667
2566.999667
2566.999667
2566.999667
2566.999667
2566.999667
2566.999667
2566.999667
2566.999667
2566.999667
2566.999667
2566.999667
2566.999667
2566.999667
2566.999667
2566.999667
2566.999667
2566.999667
2566.999667
2566.999667
2566.999667
2566.999667
2566.999667
2566.999667
2566.999667
2566.999667
2566.999667
2566.999667
2566.999667
2566.999667
2566.999667
2566.999667
2566.999667
2566.999667
2566.999667
2566.999667
2566.999667
2566.999667
2566.999667
2566.999667
2566.999667
2566.999667
2566.999667
2566.999667
2566.999667
2566.999667
2566.999667
2566.999667
2566.999667
2566.999667
2566.999667
2566.999667
2566.999667
2566.999667
2566.999667
2566.999667
2566.999667
2566.999667
2566.999667
2566.999667
