3063.359772
2729.928039
2655.212177
2654.169664
2651.086619
2649.678743
2648.056705
2646.961332
2646.189951
2645.666364
2645.209332
2644.574359
2644.146553
2643.766666
2643.445641
2642.977050
2642.544144
2641.849946
2641.306235
2639.958462
2639.016980
2638.304970
2637.126736
2636.378258
2635.129092
2634.165883
2632.861238
2630.899945
2630.219363
2628.337272
2626.951226
2625.796913
2624.441719
2621.255870
2619.556396
2613.634474
2610.413158
2608.411785
2604.471814
2597.526378
2594.109070
2589.224225
2583.440016
2576.078562
2570.616437
2569.564724
2568.413968
2568.010385
2567.502968
2567.210688
2567.141352
2567.137255
2567.066360
2567.066360
2567.028045
2567.025013
2567.012754
2567.011197
2567.009098
2567.005057
2567.002936
2567.002936
2567.002740
2567.001254
2567.000833
2567.000793
2567.000630
2567.000318
2567.000227
2567.000069
2567.000069
2567.000005
2566.999954
2566.999841
2566.999841
2566.999809
2566.999773
2566.999762
2566.999735
2566.999721
2566.999700
2566.999687
2566.999676
2566.999676
2566.999675
2566.999674
2566.999672
2566.999672
2566.999670
2566.999670
2566.999670
2566.999669
2566.999669
2566.999668
2566.999668
2566.999667
2566.999667
2566.999667
2566.999667
2566.999667
2566.999667
2566.999667
2566.999667
2566.999667
2566.999667
2566.999667
2566.999667
2566.999667
2566.999667
2566.999667
2566.999667
2566.999667
2566.999667
2566.999667
2566.999667
2566.999667
2566.999667
2566.999667
2566.999667
2566.999667
2566.999667
2566.999667
2566.999667
2566.999667
2566.999667
2566.999667
2566.999667
2566.999667
2566.999667
2566.999667
2566.999667
2566.999667
2566.999667
2566.999667
2566.999667
2566.999667
2566.999667
2566.999667
2566.999667
2566.999667
2566.999667
2566.999667
2566.999667
2566.999667
2566.999667
2566.999667
2566.999667
2566.999667
2566.999667
2566.999667
2566.999667
2566.999667
2566.999667
2566.999667
2566.999667
2566.999667
2566.999667
2566.999667
2566.999667
2566.999667
2566.999667
2566.999667
2566.999667
2566.999667
2566.999667
2566.999667
2566.999667
2566.999667
2566.999667
2566.999667
2566.999667
2566.999667
2566.999667
2566.999667
2566.999667
2566.999667
2566.999667
2566.999667
2566.999667
2566.999667
2566.999667
2566.999667
2566.999667
2566.999667
2566.999667
2566.999667
2566.999667
2566.999667
2566.999667
2566.999667
2566.999667
2566.999667
2566.999667
2566.999667
2566.999667
2566.999667
2566.999667
2566.999667
2566.999667
2566.999667
2566.999667
2566.999667
2566.999667
2566.999667
2566.999667
2566.999667
2566.999667
2566.999667
2566.999667
2566.999667
2566.999667
2566.999667
2566.999667
2566.999667
2566.999667
2566.999667
2566.999667
2566.999667
2566.999667
2566.999667
2566.999667
2566.999667
2566.999667
2566.999667
2566.999667
2566.999667
2566.999667
2566.999667
2566.999667
2566.999667
2566.999667
2566.999667
2566.999667
2566.999667
