2988.137650
2870.967785
2765.504516
2718.291629
2696.548326
2656.590506
2647.292066
2634.955265
2618.551599
2608.774349
2606.496687
2586.573456
2579.363351
2577.181201
2573.306985
2570.417318
2568.695395
2568.547789
2568.176315
2567.771658
2567.658083
2567.369766
2567.369766
2567.282874
2567.189254
2567.189254
2567.138403
2567.107091
2567.102821
2567.048028
2567.047536
2567.042364
2567.035813
2567.029742
2567.021745
2567.017657
2567.015238
2567.014015
2567.010832
2567.007470
2567.006579
2567.005269
2567.004299
2567.003445
2567.002867
2567.002263
2567.001619
2567.001177
2567.001177
2567.000882
2567.000721
2567.000442
2567.000294
2567.000294
2567.000027
2567.000021
2566.999963
2566.999928
2566.999889
2566.999844
2566.999777
2566.999772
2566.999735
2566.999735
2566.999735
2566.999725
2566.999715
2566.999697
2566.999694
2566.999690
2566.999688
2566.999683
2566.999677
2566.999676
2566.999675
2566.999673
2566.999672
2566.999671
2566.999670
2566.999670
2566.999670
2566.999669
2566.999668
2566.999668
2566.999668
2566.999668
2566.999668
2566.999667
2566.999667
2566.999667
2566.999667
2566.999667
2566.999667
2566.999667
2566.999667
2566.999667
2566.999667
2566.999667
2566.999667
2566.999667
2566.999667
2566.999667
2566.999667
2566.999667
2566.999667
2566.999667
2566.999667
2566.999667
2566.999667
2566.999667
2566.999667
2566.999667
2566.999667
2566.999667
2566.999667
2566.999667
2566.999667
2566.999667
2566.999667
2566.999667
2566.999667
2566.999667
2566.999667
2566.999667
2566.999667
2566.999667
2566.999667
2566.999667
2566.999667
2566.999667
2566.999667
2566.999667
2566.999667
2566.999667
2566.999667
2566.999667
2566.999667
2566.999667
2566.999667
2566.999667
2566.999667
2566.999667
2566.999667
2566.999667
2566.999667
2566.999667
2566.999667
2566.999667
2566.999667
2566.999667
2566.999667
2566.999667
2566.999667
2566.999667
2566.999667
2566.999667
2566.999667
2566.999667
2566.999667
2566.999667
2566.999667
2566.999667
2566.999667
2566.999667
2566.999667
2566.999667
2566.999667
2566.999667
2566.999667
2566.999667
2566.999667
2566.999667
2566.999667
2566.999667
2566.999667
2566.999667
2566.999667
2566.999667
2566.999667
2566.999667
2566.999667
2566.999667
2566.999667
2566.999667
2566.999667
2566.999667
2566.999667
2566.999667
2566.999667
2566.999667
2566.999667
2566.999667
2566.999667
2566.999667
2566.999667
2566.999667
2566.999667
2566.999667
2566.999667
2566.999667
2566.999667
2566.999667
2566.999667
2566.999667
2566.999667
2566.999667
2566.999667
2566.999667
2566.999667
2566.999667
2566.999667
2566.999667
2566.999667
2566.999667
2566.999667
2566.999667
2566.999667
2566.999667
