15670.6441817108843679 0.2497318324480321 1570.2770647709471632 0.0000000000000000 0.4903727504557084 8944.2429988087333186 2566.9996725177902590 0.000039 54.852516 

15670.5524056611648120 0.2497376802385126 1570.3135063956312933 0.0000000000000000 0.4903197007660053 8944.2681478374433937 2566.9996730674561149 0.000064 56.917302 

15670.5621593543892232 0.2497247971874101 1570.2401891142908426 0.0000000000000000 0.4904598874420069 8944.1604840905874880 2566.9996672082811529 0.000005 54.598346 

15670.5824406793763046 0.2497248566447372 1570.2336685293771552 0.0000000000000000 0.4904695061030827 8944.2162272649620718 2566.9996677146568800 0.000005 55.076152 

15670.5916605132606492 0.2497198289609751 1570.2262727422846638 0.0000000000000000 0.4904940774859425 8944.0354444649874495 2566.9996678854113270 0.000025 56.173933 

15670.5438512919608911 0.2497188767032839 1570.2210482402670095 0.0000000000000000 0.4905090799535350 8944.0170929475953017 2566.9996689816371145 0.000029 56.368041 

15670.5251092336420697 0.2497274385290733 1570.2542399305993968 0.0000000000000000 0.4904364970523988 8944.1836373357164121 2566.9996676827367992 0.000015 55.425185 

15670.4556289172669494 0.2497350350115095 1570.2824292720426911 0.0000000000000000 0.4903844766872934 8944.3414274458755244 2566.9996712106130872 0.000052 55.567836 

15670.5517745341749105 0.2497261344602654 1570.2501359487800983 0.0000000000000000 0.4904405302719065 8944.1498081441732211 2566.9996673498144446 0.000010 54.089857 

15670.5037490271297429 0.2497338796338394 1570.2820989170088524 0.0000000000000000 0.4903848714640385 8944.3014830708179943 2566.9996697316187237 0.000045 58.137890 

15670.6056855364222429 0.2497142327780179 1570.1878655472285118 0.0000000000000000 0.4905533072079392 8944.0142545745566167 2566.9996699616244769 0.000051 54.927455 

15670.5931338005284488 0.2497121722588975 1570.1862189535600010 0.0000000000000000 0.4905721556264490 8943.9461426922825922 2566.9996714220451395 0.000060 54.660746 

15670.5516038672376453 0.2497184488886416 1570.2109058546207052 0.0000000000000000 0.4905245686911888 8944.0676176167708036 2566.9996686500608121 0.000030 55.181216 

15670.5786629721260397 0.2497295228328721 1570.2693472188682335 0.0000000000000000 0.4903989535326965 8944.1798000806011260 2566.9996684169063883 0.000025 54.982994 

15670.6538657127293845 0.2497065523166227 1570.1460309577330463 0.0000000000000000 0.4906282401703072 8943.9418393804153311 2566.9996759817840939 0.000089 55.821409 

15670.6483105147617607 0.2497127928546018 1570.1885226324022824 0.0000000000000000 0.4905526568633420 8943.9512073124897142 2566.9996708276416939 0.000060 55.541958 

15670.4924059556506108 0.2497364667005086 1570.2841934353191391 0.0000000000000000 0.4903720903347271 8944.3983937643315585 2566.9996714705321210 0.000056 55.839600 

15670.6689575638974929 0.2497125405080817 1570.1844002062916843 0.0000000000000000 0.4905562648837584 8943.9686304489696340 2566.9996714267153948 0.000062 54.626976 

15670.5514334599247377 0.2497354032873578 1570.2848719929065737 0.0000000000000000 0.4903672972112323 8944.3529499907526770 2566.9996711401845459 0.000050 54.978694 

15670.6492765600378334 0.2497053996418562 1570.1428779553314143 0.0000000000000000 0.4906376267512025 8943.9106706626735104 2566.9996769123185913 0.000094 56.290110 

15670.6092222221250267 0.2497134768382460 1570.2105178031697506 0.0000000000000000 0.4905304358308372 8943.8436997085755138 2566.9996717925996563 0.000055 55.902048 

15670.5648198877661343 0.2497363769616776 1570.3013017259033859 0.0000000000000000 0.4903383596866320 8944.2879536510863545 2566.9996720694834949 0.000057 54.704038 

15670.6624404987451271 0.2497198720566635 1570.2196675829848118 0.0000000000000000 0.4904862445080541 8944.0735266850879270 2566.9996693179532485 0.000031 54.599223 

15670.5053837373288843 0.2497390700056971 1570.3079702521501986 0.0000000000000000 0.4903327822246100 8944.3696247397947445 2566.9996730565080725 0.000069 54.923718 

15670.6603790633980680 0.2497122856486789 1570.1867051705817175 0.0000000000000000 0.4905556701481447 8943.9427950435747334 2566.9996712918632511 0.000063 56.337255 

15670.5220927310074330 0.2497218975101250 1570.2181646581830137 0.0000000000000000 0.4905028576480653 8944.1644765435194131 2566.9996683514209508 0.000016 55.126952 

15670.6144174269393261 0.2497208322125802 1570.2414695571787888 0.0000000000000000 0.4904669908954960 8943.9840854309022689 2566.9996685741543843 0.000025 56.351338 

15670.5504775426561537 0.2497147422130028 1570.2074799915260428 0.0000000000000000 0.4905378807711674 8943.9139266157635575 2566.9996716188156825 0.000048 56.521849 

15670.5755068427934020 0.2497261801369976 1570.2481740725229429 0.0000000000000000 0.4904418913099921 8944.1714934486244601 2566.9996673892101171 0.000010 56.122408 

15670.6091904199802229 0.2497242375046845 1570.2383802931537957 0.0000000000000000 0.4904584025135764 8944.1537072229511978 2566.9996677617646128 0.000012 54.554398 

15670.4546185948111088 0.2497280313816485 1570.2561735886113183 0.0000000000000000 0.4904442901684134 8944.1966131103527005 2566.9996702040807577 0.000026 51.663558 

15670.5028300780977588 0.2497309172270944 1570.2601825171832388 0.0000000000000000 0.4904208850677537 8944.3026862306542171 2566.9996687910252149 0.000030 55.011043 

