2704.300404
2670.495398
2659.114421
2651.739814
2646.219308
2646.219308
2646.219308
2638.185487
2637.893603
2628.717315
2625.487949
2620.526700
2616.069710
2610.267239
2606.508033
2603.923208
2600.563167
2596.706921
2583.628243
2583.628243
2574.740551
2572.321357
2570.475043
2570.035979
2568.259802
2568.145996
2567.476028
2567.312319
2567.262751
2567.161642
2567.120639
2567.100567
2567.075063
2567.039675
2567.026406
2567.022111
2567.018025
2567.015382
2567.012774
2567.010257
2567.007099
2567.006312
2567.003914
2567.003208
2567.002216
2567.001631
2567.000918
2566.999985
2566.999985
2566.999921
2566.999828
2566.999778
2566.999744
2566.999744
2566.999727
2566.999711
2566.999692
2566.999692
2566.999688
2566.999686
2566.999678
2566.999678
2566.999674
2566.999672
2566.999672
2566.999670
2566.999670
2566.999668
2566.999668
2566.999668
2566.999667
2566.999667
2566.999667
2566.999667
2566.999667
2566.999667
2566.999667
2566.999667
2566.999667
2566.999667
2566.999667
2566.999667
2566.999667
2566.999667
2566.999667
2566.999667
2566.999667
2566.999667
2566.999667
2566.999667
2566.999667
2566.999667
2566.999667
2566.999667
2566.999667
2566.999667
2566.999667
2566.999667
2566.999667
2566.999667
2566.999667
2566.999667
2566.999667
2566.999667
2566.999667
2566.999667
2566.999667
2566.999667
2566.999667
2566.999667
2566.999667
2566.999667
2566.999667
2566.999667
2566.999667
2566.999667
2566.999667
2566.999667
2566.999667
2566.999667
2566.999667
2566.999667
2566.999667
2566.999667
2566.999667
2566.999667
2566.999667
2566.999667
2566.999667
2566.999667
2566.999667
2566.999667
2566.999667
2566.999667
2566.999667
2566.999667
2566.999667
2566.999667
2566.999667
2566.999667
2566.999667
2566.999667
2566.999667
2566.999667
2566.999667
2566.999667
2566.999667
2566.999667
2566.999667
2566.999667
2566.999667
2566.999667
2566.999667
2566.999667
2566.999667
2566.999667
2566.999667
2566.999667
2566.999667
2566.999667
2566.999667
2566.999667
2566.999667
2566.999667
2566.999667
2566.999667
2566.999667
2566.999667
2566.999667
2566.999667
2566.999667
2566.999667
2566.999667
2566.999667
2566.999667
2566.999667
2566.999667
2566.999667
2566.999667
2566.999667
2566.999667
2566.999667
2566.999667
2566.999667
2566.999667
2566.999667
