2748.053900
2691.663513
2672.492517
2654.196505
2651.763235
2646.509228
2639.272829
2638.630538
2635.856018
2635.691667
2634.580706
2632.713935
2631.624545
2631.402787
2631.402787
2631.402787
2628.692492
2628.692492
2628.692492
2628.692492
2628.692492
2627.573983
2627.573983
2627.573983
2627.573983
2626.385405
2626.385405
2625.183610
2625.183610
2625.183610
2624.937731
2624.871388
2623.363908
2618.682361
2618.682361
2618.682361
2618.682361
2618.682361
2618.682361
2617.414594
2617.414594
2617.414594
2617.414594
2617.414594
2616.909999
2615.123542
2615.123542
2613.243261
2609.957332
2609.957332
2609.957332
2609.957332
2607.937318
2607.937318
2607.937318
2607.937318
2607.937318
2607.937318
2607.937318
2605.770256
2605.770256
2605.770256
2605.418112
2603.655317
2599.950571
2599.950571
2599.950571
2599.950571
2599.406829
2599.406829
2598.694682
2597.106233
2590.630326
2576.683358
2576.683358
2576.683358
2576.683358
2576.683358
2576.683358
2576.683358
2576.683358
2576.683358
2576.683358
2576.683358
2576.683358
2575.786043
2575.786043
2575.786043
2575.786043
2573.408555
2573.408555
2573.408555
2571.540281
2571.540281
2571.540281
2571.540281
2571.540281
2570.846757
2570.846757
2569.631120
2569.525536
2569.525536
2568.587041
2568.577096
2568.336598
2567.952189
2567.749316
2567.495761
2567.495761
2567.495761
2567.495761
2567.495761
2567.495761
2567.409182
2567.409182
2567.409182
2567.361991
2567.361991
2567.112110
2567.112110
2567.112110
2567.112110
2567.112110
2567.112110
2567.112110
2567.112110
2567.112110
2567.112110
2567.112110
2567.112110
2567.112110
2567.112110
2567.112110
2567.112110
2567.112110
2567.112110
2567.112110
2567.107179
2567.107179
2567.107179
2567.107179
2567.107179
2567.107179
2567.107179
2567.107179
2567.107179
2567.089371
2567.089371
2567.089371
2567.083392
2567.066204
2567.062032
2567.062032
2567.062032
2567.062032
2567.062032
2567.062032
2567.062032
2567.062032
2567.062032
2567.062032
2567.062032
2567.062032
2567.039561
2567.039561
2567.039561
2567.039561
2567.039561
2567.039561
2567.039561
2567.039561
2567.039561
2567.039561
2567.028376
2567.028376
2567.028376
2567.028376
2567.028376
2567.028376
2567.028376
2567.025125
2567.022792
2567.022792
2567.022792
2567.021280
2567.021280
2567.021280
2567.021280
2567.021280
2567.020129
2567.016319
2567.016319
2567.016319
2567.016205
2567.012549
2567.012549
2567.012549
2567.012483
2567.012483
2567.010133
2567.010133
2567.010133
2567.010133
2567.010133
2567.010133
2567.010133
2567.009850
2567.009850
2567.008044
2567.008044
2567.008044
2567.007962
2567.007962
2567.007962
2567.007962
2567.007962
2567.007296
2567.006935
2567.006500
2567.006500
2567.006393
2567.006393
2567.006224
2567.006133
2567.004821
2567.004821
2567.003903
2567.003805
2567.003805
2567.003409
2567.003409
2567.003409
2567.003218
2567.003071
2567.002045
2567.002045
2567.002045
2567.002045
2567.002045
2567.002045
2567.002045
2567.002045
2567.002045
2567.002045
2567.002012
2567.001964
2567.001964
2567.001785
2567.001785
2567.001785
2567.001785
2567.001707
2567.001676
2567.001586
2567.001405
2567.001405
2567.001405
2567.001205
2567.001205
2567.001142
2567.001009
2567.000890
2567.000790
2567.000783
2567.000623
2567.000623
2567.000623
2567.000623
2567.000623
2567.000623
2567.000623
2567.000623
2567.000585
2567.000561
2567.000553
2567.000406
2567.000239
2567.000239
2567.000239
2567.000239
2567.000239
2567.000239
2567.000239
2567.000113
2567.000113
2567.000113
2567.000113
2567.000113
2567.000113
2567.000026
2567.000026
2567.000026
2567.000026
2567.000026
2567.000026
2567.000026
2567.000000
2567.000000
2566.999982
2566.999982
2566.999976
2566.999976
2566.999964
2566.999948
2566.999948
2566.999947
2566.999943
2566.999912
2566.999892
2566.999887
2566.999846
2566.999846
2566.999839
2566.999833
2566.999793
2566.999793
2566.999793
2566.999793
2566.999793
2566.999793
2566.999793
2566.999793
2566.999793
2566.999790
2566.999790
2566.999768
2566.999768
2566.999768
2566.999764
2566.999764
2566.999764
2566.999764
2566.999764
2566.999750
2566.999750
2566.999745
2566.999744
2566.999737
2566.999725
2566.999725
2566.999725
2566.999725
2566.999725
2566.999725
2566.999725
2566.999724
2566.999719
2566.999718
2566.999706
2566.999706
2566.999706
2566.999706
2566.999706
2566.999706
2566.999705
2566.999703
2566.999702
2566.999697
2566.999694
2566.999690
2566.999690
2566.999690
2566.999690
2566.999690
2566.999690
2566.999690
2566.999690
2566.999690
2566.999689
2566.999688
2566.999678
2566.999678
2566.999678
2566.999678
2566.999678
2566.999678
2566.999678
2566.999678
2566.999678
2566.999678
2566.999678
2566.999678
2566.999678
2566.999678
2566.999678
2566.999677
2566.999677
2566.999676
2566.999676
2566.999676
2566.999676
2566.999676
2566.999676
2566.999676
2566.999676
2566.999676
2566.999675
2566.999675
2566.999675
2566.999674
2566.999674
2566.999672
2566.999672
2566.999672
2566.999672
2566.999672
2566.999672
2566.999672
2566.999672
2566.999672
2566.999671
2566.999671
2566.999671
2566.999669
2566.999669
2566.999669
2566.999669
2566.999669
2566.999669
2566.999669
2566.999669
2566.999669
2566.999669
2566.999669
2566.999669
2566.999669
2566.999669
2566.999669
2566.999669
2566.999669
2566.999669
2566.999669
2566.999669
2566.999669
2566.999668
2566.999668
2566.999668
2566.999668
2566.999668
2566.999668
2566.999668
2566.999668
2566.999668
2566.999668
2566.999668
2566.999668
2566.999668
2566.999668
2566.999668
2566.999668
2566.999668
2566.999668
2566.999668
2566.999668
2566.999668
2566.999668
2566.999668
2566.999668
2566.999668
2566.999668
2566.999668
2566.999668
2566.999668
2566.999668
2566.999668
2566.999668
2566.999668
2566.999668
2566.999668
2566.999668
2566.999668
2566.999667
2566.999667
2566.999667
2566.999667
2566.999667
2566.999667
2566.999667
2566.999667
2566.999667
2566.999667
2566.999667
2566.999667
2566.999667
2566.999667
2566.999667
2566.999667
2566.999667
2566.999667
2566.999667
2566.999667
2566.999667
2566.999667
2566.999667
2566.999667
2566.999667
2566.999667
2566.999667
2566.999667
2566.999667
2566.999667
2566.999667
2566.999667
2566.999667
2566.999667
2566.999667
2566.999667
2566.999667
2566.999667
2566.999667
2566.999667
2566.999667
2566.999667
2566.999667
2566.999667
2566.999667
2566.999667
2566.999667
2566.999667
2566.999667
2566.999667
2566.999667
2566.999667
2566.999667
2566.999667
2566.999667
2566.999667
2566.999667
2566.999667
2566.999667
2566.999667
2566.999667
2566.999667
2566.999667
2566.999667
2566.999667
2566.999667
2566.999667
2566.999667
2566.999667
2566.999667
2566.999667
2566.999667
2566.999667
2566.999667
2566.999667
2566.999667
2566.999667
2566.999667
2566.999667
2566.999667
2566.999667
2566.999667
2566.999667
2566.999667
2566.999667
2566.999667
2566.999667
2566.999667
2566.999667
2566.999667
2566.999667
2566.999667
2566.999667
2566.999667
2566.999667
2566.999667
2566.999667
2566.999667
2566.999667
2566.999667
2566.999667
2566.999667
2566.999667
2566.999667
2566.999667
2566.999667
2566.999667
2566.999667
2566.999667
2566.999667
2566.999667
2566.999667
2566.999667
2566.999667
2566.999667
2566.999667
2566.999667
2566.999667
2566.999667
2566.999667
2566.999667
2566.999667
2566.999667
2566.999667
2566.999667
2566.999667
2566.999667
2566.999667
2566.999667
2566.999667
2566.999667
2566.999667
2566.999667
2566.999667
2566.999667
2566.999667
2566.999667
2566.999667
2566.999667
2566.999667
2566.999667
2566.999667
2566.999667
2566.999667
2566.999667
2566.999667
2566.999667
2566.999667
2566.999667
2566.999667
2566.999667
2566.999667
2566.999667
2566.999667
2566.999667
2566.999667
2566.999667
2566.999667
2566.999667
2566.999667
2566.999667
2566.999667
2566.999667
2566.999667
2566.999667
2566.999667
2566.999667
2566.999667
2566.999667
2566.999667
2566.999667
2566.999667
2566.999667
2566.999667
2566.999667
2566.999667
2566.999667
2566.999667
2566.999667
2566.999667
2566.999667
2566.999667
2566.999667
2566.999667
2566.999667
2566.999667
2566.999667
2566.999667
2566.999667
2566.999667
2566.999667
2566.999667
2566.999667
2566.999667
2566.999667
2566.999667
2566.999667
2566.999667
2566.999667
2566.999667
2566.999667
2566.999667
2566.999667
2566.999667
2566.999667
2566.999667
2566.999667
2566.999667
2566.999667
2566.999667
2566.999667
2566.999667
2566.999667
2566.999667
2566.999667
2566.999667
2566.999667
2566.999667
2566.999667
2566.999667
2566.999667
2566.999667
2566.999667
2566.999667
2566.999667
2566.999667
2566.999667
2566.999667
2566.999667
2566.999667
2566.999667
2566.999667
2566.999667
2566.999667
2566.999667
2566.999667
2566.999667
2566.999667
2566.999667
2566.999667
2566.999667
2566.999667
2566.999667
2566.999667
2566.999667
2566.999667
2566.999667
2566.999667
2566.999667
2566.999667
2566.999667
2566.999667
2566.999667
2566.999667
2566.999667
2566.999667
2566.999667
2566.999667
2566.999667
2566.999667
2566.999667
2566.999667
2566.999667
2566.999667
2566.999667
2566.999667
2566.999667
2566.999667
2566.999667
2566.999667
2566.999667
2566.999667
2566.999667
2566.999667
2566.999667
2566.999667
2566.999667
2566.999667
2566.999667
2566.999667
2566.999667
2566.999667
2566.999667
2566.999667
2566.999667
2566.999667
2566.999667
2566.999667
2566.999667
2566.999667
2566.999667
2566.999667
2566.999667
2566.999667
2566.999667
2566.999667
2566.999667
2566.999667
2566.999667
2566.999667
2566.999667
2566.999667
2566.999667
2566.999667
2566.999667
2566.999667
2566.999667
2566.999667
2566.999667
2566.999667
2566.999667
2566.999667
2566.999667
2566.999667
2566.999667
2566.999667
2566.999667
2566.999667
2566.999667
2566.999667
2566.999667
2566.999667
2566.999667
2566.999667
2566.999667
2566.999667
2566.999667
2566.999667
2566.999667
2566.999667
2566.999667
2566.999667
2566.999667
2566.999667
2566.999667
2566.999667
2566.999667
2566.999667
2566.999667
2566.999667
2566.999667
2566.999667
2566.999667
2566.999667
2566.999667
2566.999667
2566.999667
2566.999667
2566.999667
2566.999667
2566.999667
2566.999667
2566.999667
2566.999667
2566.999667
2566.999667
2566.999667
2566.999667
2566.999667
2566.999667
2566.999667
2566.999667
2566.999667
2566.999667
2566.999667
2566.999667
2566.999667
2566.999667
2566.999667
2566.999667
2566.999667
2566.999667
2566.999667
2566.999667
2566.999667
2566.999667
2566.999667
2566.999667
2566.999667
2566.999667
2566.999667
2566.999667
2566.999667
2566.999667
2566.999667
2566.999667
2566.999667
2566.999667
2566.999667
2566.999667
2566.999667
2566.999667
2566.999667
2566.999667
2566.999667
2566.999667
2566.999667
2566.999667
2566.999667
2566.999667
2566.999667
2566.999667
2566.999667
2566.999667
2566.999667
2566.999667
2566.999667
2566.999667
2566.999667
2566.999667
2566.999667
2566.999667
2566.999667
2566.999667
2566.999667
2566.999667
2566.999667
2566.999667
2566.999667
2566.999667
2566.999667
2566.999667
2566.999667
2566.999667
2566.999667
2566.999667
2566.999667
2566.999667
2566.999667
2566.999667
2566.999667
2566.999667
2566.999667
2566.999667
2566.999667
2566.999667
2566.999667
2566.999667
2566.999667
2566.999667
2566.999667
2566.999667
2566.999667
2566.999667
2566.999667
2566.999667
2566.999667
2566.999667
2566.999667
2566.999667
2566.999667
2566.999667
2566.999667
2566.999667
2566.999667
2566.999667
2566.999667
2566.999667
2566.999667
2566.999667
2566.999667
2566.999667
2566.999667
2566.999667
2566.999667
2566.999667
2566.999667
2566.999667
2566.999667
2566.999667
2566.999667
2566.999667
2566.999667
2566.999667
2566.999667
2566.999667
2566.999667
2566.999667
2566.999667
2566.999667
2566.999667
2566.999667
2566.999667
2566.999667
2566.999667
2566.999667
2566.999667
2566.999667
2566.999667
2566.999667
2566.999667
2566.999667
2566.999667
2566.999667
2566.999667
2566.999667
2566.999667
2566.999667
2566.999667
2566.999667
2566.999667
2566.999667
2566.999667
2566.999667
2566.999667
2566.999667
2566.999667
2566.999667
2566.999667
2566.999667
2566.999667
2566.999667
2566.999667
2566.999667
2566.999667
2566.999667
2566.999667
2566.999667
2566.999667
2566.999667
2566.999667
2566.999667
2566.999667
2566.999667
2566.999667
2566.999667
2566.999667
2566.999667
2566.999667
2566.999667
2566.999667
2566.999667
2566.999667
2566.999667
2566.999667
2566.999667
2566.999667
2566.999667
2566.999667
2566.999667
2566.999667
2566.999667
2566.999667
2566.999667
2566.999667
2566.999667
2566.999667
2566.999667
2566.999667
2566.999667
2566.999667
2566.999667
2566.999667
2566.999667
2566.999667
2566.999667
2566.999667
2566.999667
2566.999667
2566.999667
2566.999667
2566.999667
2566.999667
2566.999667
2566.999667
2566.999667
2566.999667
2566.999667
2566.999667
2566.999667
2566.999667
2566.999667
2566.999667
2566.999667
2566.999667
2566.999667
2566.999667
2566.999667
2566.999667
2566.999667
2566.999667
2566.999667
2566.999667
2566.999667
2566.999667
2566.999667
2566.999667
2566.999667
2566.999667
2566.999667
2566.999667
2566.999667
2566.999667
2566.999667
2566.999667
2566.999667
2566.999667
2566.999667
2566.999667
2566.999667
2566.999667
2566.999667
2566.999667
2566.999667
2566.999667
2566.999667
2566.999667
2566.999667
2566.999667
2566.999667
2566.999667
2566.999667
2566.999667
2566.999667
2566.999667
2566.999667
2566.999667
2566.999667
2566.999667
2566.999667
2566.999667
2566.999667
2566.999667
2566.999667
2566.999667
2566.999667
2566.999667
2566.999667
2566.999667
2566.999667
2566.999667
2566.999667
2566.999667
2566.999667
2566.999667
2566.999667
2566.999667
2566.999667
2566.999667
2566.999667
2566.999667
2566.999667
2566.999667
2566.999667
2566.999667
2566.999667
2566.999667
2566.999667
2566.999667
2566.999667
2566.999667
2566.999667
2566.999667
2566.999667
2566.999667
2566.999667
2566.999667
2566.999667
2566.999667
2566.999667
2566.999667
2566.999667
2566.999667
2566.999667
2566.999667
2566.999667
2566.999667
2566.999667
2566.999667
2566.999667
2566.999667
2566.999667
2566.999667
2566.999667
2566.999667
2566.999667
2566.999667
2566.999667
2566.999667
2566.999667
2566.999667
2566.999667
2566.999667
2566.999667
2566.999667
2566.999667
2566.999667
2566.999667
2566.999667
2566.999667
2566.999667
2566.999667
2566.999667
2566.999667
2566.999667
2566.999667
2566.999667
2566.999667
2566.999667
2566.999667
2566.999667
2566.999667
2566.999667
2566.999667
2566.999667
2566.999667
2566.999667
2566.999667
2566.999667
2566.999667
2566.999667
2566.999667
2566.999667
2566.999667
2566.999667
2566.999667
2566.999667
2566.999667
2566.999667
2566.999667
2566.999667
2566.999667
2566.999667
2566.999667
2566.999667
2566.999667
2566.999667
2566.999667
2566.999667
2566.999667
2566.999667
2566.999667
2566.999667
2566.999667
2566.999667
2566.999667
2566.999667
2566.999667
2566.999667
2566.999667
2566.999667
2566.999667
2566.999667
2566.999667
2566.999667
2566.999667
2566.999667
2566.999667
2566.999667
2566.999667
2566.999667
2566.999667
2566.999667
2566.999667
2566.999667
2566.999667
2566.999667
2566.999667
2566.999667
2566.999667
2566.999667
2566.999667
2566.999667
2566.999667
2566.999667
2566.999667
2566.999667
2566.999667
2566.999667
2566.999667
2566.999667
2566.999667
2566.999667
2566.999667
2566.999667
2566.999667
2566.999667
2566.999667
2566.999667
2566.999667
2566.999667
2566.999667
2566.999667
2566.999667
2566.999667
2566.999667
2566.999667
2566.999667
2566.999667
2566.999667
2566.999667
2566.999667
2566.999667
2566.999667
2566.999667
2566.999667
2566.999667
2566.999667
2566.999667
2566.999667
2566.999667
2566.999667
2566.999667
2566.999667
2566.999667
2566.999667
2566.999667
2566.999667
2566.999667
2566.999667
2566.999667
2566.999667
2566.999667
2566.999667
2566.999667
2566.999667
2566.999667
2566.999667
2566.999667
2566.999667
2566.999667
2566.999667
2566.999667
2566.999667
2566.999667
2566.999667
2566.999667
2566.999667
2566.999667
2566.999667
2566.999667
2566.999667
2566.999667
2566.999667
2566.999667
2566.999667
2566.999667
2566.999667
2566.999667
2566.999667
2566.999667
2566.999667
2566.999667
2566.999667
2566.999667
2566.999667
2566.999667
2566.999667
2566.999667
2566.999667
2566.999667
2566.999667
2566.999667
2566.999667
2566.999667
2566.999667
2566.999667
2566.999667
2566.999667
2566.999667
2566.999667
2566.999667
2566.999667
2566.999667
2566.999667
2566.999667
2566.999667
2566.999667
2566.999667
2566.999667
2566.999667
2566.999667
2566.999667
2566.999667
2566.999667
2566.999667
2566.999667
2566.999667
2566.999667
2566.999667
2566.999667
2566.999667
2566.999667
2566.999667
2566.999667
2566.999667
2566.999667
2566.999667
2566.999667
2566.999667
2566.999667
2566.999667
2566.999667
2566.999667
2566.999667
2566.999667
2566.999667
2566.999667
2566.999667
2566.999667
2566.999667
2566.999667
2566.999667
2566.999667
2566.999667
2566.999667
2566.999667
2566.999667
2566.999667
2566.999667
2566.999667
2566.999667
2566.999667
2566.999667
2566.999667
2566.999667
2566.999667
2566.999667
2566.999667
2566.999667
2566.999667
2566.999667
2566.999667
2566.999667
2566.999667
2566.999667
2566.999667
2566.999667
2566.999667
2566.999667
2566.999667
2566.999667
2566.999667
2566.999667
2566.999667
2566.999667
2566.999667
2566.999667
2566.999667
2566.999667
2566.999667
2566.999667
2566.999667
2566.999667
2566.999667
2566.999667
2566.999667
2566.999667
2566.999667
2566.999667
2566.999667
2566.999667
2566.999667
2566.999667
2566.999667
2566.999667
2566.999667
2566.999667
2566.999667
2566.999667
2566.999667
2566.999667
2566.999667
2566.999667
2566.999667
2566.999667
2566.999667
2566.999667
2566.999667
