2928.988752
2704.423786
2704.423786
2656.131854
2656.020934
2656.020934
2654.545931
2652.447338
2651.881352
2649.628040
2649.628040
2648.817411
2646.515824
2646.515824
2646.515824
2646.368575
2646.368575
2646.368575
2646.368575
2646.368575
2646.368575
2646.368575
2646.368575
2646.368575
2646.368575
2646.368575
2646.368575
2646.368575
2646.368575
2646.368575
2646.368575
2646.368575
2646.368575
2646.368575
2646.368575
2646.368575
2646.368575
2646.368575
2646.368575
2646.368575
2646.368575
2646.368575
2646.368575
2646.158081
2645.872320
2645.872320
2645.872320
2645.872320
2645.872320
2644.196907
2644.130896
2644.130896
2644.130896
2643.585304
2643.349782
2643.144736
2641.002735
2641.002735
2641.002735
2640.674566
2640.674566
2640.674566
2639.731488
2638.904779
2638.904779
2638.904779
2638.488182
2637.890098
2637.890098
2636.639621
2636.639621
2635.735885
2635.735885
2635.517278
2634.258907
2634.258907
2634.258907
2634.258907
2634.258907
2633.816251
2633.816251
2633.333821
2633.333821
2631.307199
2631.076946
2631.076946
2629.073533
2629.073533
2629.073533
2628.333758
2628.333758
2628.333758
2627.492882
2627.112748
2626.721847
2625.210848
2625.210848
2625.210848
2623.572076
2623.572076
2621.201855
2621.201855
2621.201855
2619.517090
2619.517090
2619.434960
2619.285615
2618.476705
2612.141863
2612.141863
2612.141863
2610.421699
2610.421699
2610.421699
2610.421699
2610.421699
2610.421699
2610.421699
2607.327192
2607.327192
2605.622064
2605.622064
2604.091049
2599.552764
2599.150694
2599.150694
2599.150694
2596.719781
2595.459788
2592.509159
2592.509159
2585.866509
2585.866509
2585.866509
2585.866509
2585.866509
2585.866509
2584.677165
2584.677165
2584.677165
2584.677165
2582.515746
2581.914890
2577.664117
2575.373432
2575.373432
2572.361107
2569.363446
2569.363446
2569.363446
2569.363446
2568.016081
2568.016081
2567.629398
2567.629398
2567.629398
2567.629398
2567.629398
2567.629398
2567.262917
2567.262917
2567.243919
2567.243919
2567.243919
2567.243919
2567.243919
2567.243919
2567.243919
2567.187248
2567.184132
2567.163218
2567.135600
2567.083805
2567.063778
2567.063778
2567.063778
2567.063778
2567.057980
2567.057980
2567.057980
2567.057980
2567.057980
2567.057980
2567.057980
2567.053811
2567.053811
2567.045381
2567.043441
2567.019875
2567.019875
2567.019875
2567.019875
2567.019875
2567.019875
2567.019875
2567.019875
2567.019875
2567.019875
2567.019875
2567.019875
2567.016083
2567.016083
2567.016083
2567.016083
2567.016083
2567.016083
2567.013672
2567.012587
2567.011113
2567.011113
2567.011113
2567.011113
2567.011113
2567.011113
2567.011113
2567.010233
2567.009564
2567.009028
2567.009028
2567.006312
2567.006312
2567.006312
2567.006312
2567.006275
2567.005846
2567.005823
2567.003458
2567.003458
2567.003458
2567.003458
2567.003458
2567.003458
2567.003458
2567.003458
2567.003458
2567.003088
2567.002864
2567.002685
2567.002254
2567.001737
2567.001737
2567.001737
2567.001469
2567.001469
2567.001454
2567.001454
2567.001359
2567.001359
2567.000855
2567.000855
2567.000855
2567.000720
2567.000720
2567.000720
2567.000595
2567.000469
2567.000469
2567.000469
2567.000469
2567.000469
2567.000393
2567.000175
2567.000175
2567.000175
2567.000175
2567.000175
2567.000164
2567.000124
2567.000117
2567.000100
2567.000100
2567.000046
2566.999985
2566.999985
2566.999985
2566.999952
2566.999941
2566.999868
2566.999868
2566.999868
2566.999868
2566.999868
2566.999868
2566.999868
2566.999832
2566.999832
2566.999832
2566.999832
2566.999827
2566.999827
2566.999814
2566.999807
2566.999776
2566.999776
2566.999755
2566.999746
2566.999746
2566.999746
2566.999746
2566.999746
2566.999746
2566.999729
2566.999729
2566.999729
2566.999729
2566.999724
2566.999724
2566.999720
2566.999720
2566.999719
2566.999719
2566.999715
2566.999711
2566.999707
2566.999703
2566.999697
2566.999697
2566.999697
2566.999697
2566.999697
2566.999695
2566.999686
2566.999684
2566.999684
2566.999684
2566.999684
2566.999684
2566.999684
2566.999684
2566.999684
2566.999684
2566.999681
2566.999681
2566.999681
2566.999680
2566.999678
2566.999678
2566.999676
2566.999675
2566.999673
2566.999673
2566.999673
2566.999673
2566.999672
2566.999672
2566.999672
2566.999672
2566.999672
2566.999672
2566.999672
2566.999670
2566.999670
2566.999670
2566.999670
2566.999670
2566.999670
2566.999670
2566.999670
2566.999670
2566.999669
2566.999669
2566.999669
2566.999669
2566.999669
2566.999669
2566.999669
2566.999669
2566.999669
2566.999669
2566.999669
2566.999668
2566.999668
2566.999668
2566.999668
2566.999668
2566.999668
2566.999668
2566.999668
2566.999668
2566.999668
2566.999668
2566.999668
2566.999668
2566.999668
2566.999668
2566.999668
2566.999668
2566.999668
2566.999668
2566.999668
2566.999668
2566.999668
2566.999668
2566.999668
2566.999668
2566.999668
2566.999668
2566.999668
2566.999667
2566.999667
2566.999667
2566.999667
2566.999667
2566.999667
2566.999667
2566.999667
2566.999667
2566.999667
2566.999667
2566.999667
2566.999667
2566.999667
2566.999667
2566.999667
2566.999667
2566.999667
2566.999667
2566.999667
2566.999667
2566.999667
2566.999667
2566.999667
2566.999667
2566.999667
2566.999667
2566.999667
2566.999667
2566.999667
2566.999667
2566.999667
2566.999667
2566.999667
2566.999667
2566.999667
2566.999667
2566.999667
2566.999667
2566.999667
2566.999667
2566.999667
2566.999667
2566.999667
2566.999667
2566.999667
2566.999667
2566.999667
2566.999667
2566.999667
2566.999667
2566.999667
2566.999667
2566.999667
2566.999667
2566.999667
2566.999667
2566.999667
2566.999667
2566.999667
2566.999667
2566.999667
2566.999667
2566.999667
2566.999667
2566.999667
2566.999667
2566.999667
2566.999667
2566.999667
2566.999667
2566.999667
2566.999667
2566.999667
2566.999667
2566.999667
2566.999667
2566.999667
2566.999667
2566.999667
2566.999667
2566.999667
2566.999667
2566.999667
2566.999667
2566.999667
2566.999667
2566.999667
2566.999667
2566.999667
2566.999667
2566.999667
2566.999667
2566.999667
2566.999667
2566.999667
2566.999667
2566.999667
2566.999667
2566.999667
2566.999667
2566.999667
2566.999667
2566.999667
2566.999667
2566.999667
2566.999667
2566.999667
2566.999667
2566.999667
2566.999667
2566.999667
2566.999667
2566.999667
2566.999667
2566.999667
2566.999667
2566.999667
2566.999667
2566.999667
2566.999667
2566.999667
2566.999667
2566.999667
2566.999667
2566.999667
2566.999667
2566.999667
2566.999667
2566.999667
2566.999667
2566.999667
2566.999667
2566.999667
2566.999667
2566.999667
2566.999667
2566.999667
2566.999667
2566.999667
2566.999667
2566.999667
2566.999667
2566.999667
2566.999667
2566.999667
2566.999667
2566.999667
2566.999667
2566.999667
2566.999667
2566.999667
2566.999667
2566.999667
2566.999667
2566.999667
2566.999667
2566.999667
2566.999667
2566.999667
2566.999667
2566.999667
2566.999667
2566.999667
2566.999667
2566.999667
2566.999667
2566.999667
2566.999667
2566.999667
2566.999667
2566.999667
2566.999667
2566.999667
2566.999667
2566.999667
2566.999667
2566.999667
2566.999667
2566.999667
2566.999667
2566.999667
2566.999667
2566.999667
2566.999667
2566.999667
2566.999667
2566.999667
2566.999667
2566.999667
2566.999667
2566.999667
2566.999667
2566.999667
2566.999667
2566.999667
2566.999667
2566.999667
2566.999667
2566.999667
2566.999667
2566.999667
2566.999667
2566.999667
2566.999667
2566.999667
2566.999667
2566.999667
2566.999667
2566.999667
2566.999667
2566.999667
2566.999667
2566.999667
2566.999667
2566.999667
2566.999667
2566.999667
2566.999667
2566.999667
2566.999667
2566.999667
2566.999667
2566.999667
2566.999667
2566.999667
2566.999667
2566.999667
2566.999667
2566.999667
2566.999667
2566.999667
2566.999667
2566.999667
2566.999667
2566.999667
2566.999667
2566.999667
2566.999667
2566.999667
2566.999667
2566.999667
2566.999667
2566.999667
2566.999667
2566.999667
2566.999667
2566.999667
2566.999667
2566.999667
2566.999667
2566.999667
2566.999667
2566.999667
2566.999667
2566.999667
2566.999667
2566.999667
2566.999667
2566.999667
2566.999667
2566.999667
2566.999667
2566.999667
2566.999667
2566.999667
2566.999667
2566.999667
2566.999667
2566.999667
2566.999667
2566.999667
2566.999667
2566.999667
2566.999667
2566.999667
2566.999667
2566.999667
2566.999667
2566.999667
2566.999667
2566.999667
2566.999667
2566.999667
2566.999667
2566.999667
2566.999667
2566.999667
2566.999667
2566.999667
2566.999667
2566.999667
2566.999667
2566.999667
2566.999667
2566.999667
2566.999667
2566.999667
2566.999667
2566.999667
2566.999667
2566.999667
2566.999667
2566.999667
2566.999667
2566.999667
2566.999667
2566.999667
2566.999667
2566.999667
2566.999667
2566.999667
2566.999667
2566.999667
2566.999667
2566.999667
2566.999667
2566.999667
2566.999667
2566.999667
2566.999667
2566.999667
2566.999667
2566.999667
2566.999667
2566.999667
2566.999667
2566.999667
2566.999667
2566.999667
2566.999667
2566.999667
2566.999667
2566.999667
2566.999667
2566.999667
2566.999667
2566.999667
2566.999667
2566.999667
2566.999667
2566.999667
2566.999667
2566.999667
2566.999667
2566.999667
2566.999667
2566.999667
2566.999667
2566.999667
2566.999667
2566.999667
2566.999667
2566.999667
2566.999667
2566.999667
2566.999667
2566.999667
2566.999667
2566.999667
2566.999667
2566.999667
2566.999667
2566.999667
2566.999667
2566.999667
2566.999667
2566.999667
2566.999667
2566.999667
2566.999667
2566.999667
2566.999667
2566.999667
2566.999667
2566.999667
2566.999667
2566.999667
2566.999667
2566.999667
2566.999667
2566.999667
2566.999667
2566.999667
2566.999667
2566.999667
2566.999667
2566.999667
2566.999667
2566.999667
2566.999667
2566.999667
2566.999667
2566.999667
2566.999667
2566.999667
2566.999667
2566.999667
2566.999667
2566.999667
2566.999667
2566.999667
2566.999667
2566.999667
2566.999667
2566.999667
2566.999667
2566.999667
2566.999667
2566.999667
2566.999667
2566.999667
2566.999667
2566.999667
2566.999667
2566.999667
2566.999667
2566.999667
2566.999667
2566.999667
2566.999667
2566.999667
2566.999667
2566.999667
2566.999667
2566.999667
2566.999667
2566.999667
2566.999667
2566.999667
2566.999667
2566.999667
2566.999667
2566.999667
2566.999667
2566.999667
2566.999667
2566.999667
2566.999667
2566.999667
2566.999667
2566.999667
2566.999667
2566.999667
2566.999667
2566.999667
2566.999667
2566.999667
2566.999667
2566.999667
2566.999667
2566.999667
2566.999667
2566.999667
2566.999667
2566.999667
2566.999667
2566.999667
2566.999667
2566.999667
2566.999667
2566.999667
2566.999667
2566.999667
2566.999667
2566.999667
2566.999667
2566.999667
2566.999667
2566.999667
2566.999667
2566.999667
2566.999667
2566.999667
2566.999667
2566.999667
2566.999667
2566.999667
2566.999667
2566.999667
