3134.662469
2831.205031
2768.202181
2700.398260
2681.424451
2668.453175
2668.453175
2659.924709
2659.029783
2657.677753
2656.343703
2654.357993
2652.950162
2652.165005
2652.006345
2651.549874
2650.831510
2649.426909
2649.319460
2649.319460
2649.319460
2649.015578
2648.589393
2648.589393
2648.589393
2646.970288
2646.970288
2646.970288
2645.011054
2645.011054
2641.540477
2641.540477
2641.540477
2641.540477
2641.540477
2641.540477
2641.540477
2641.540477
2641.540477
2641.540477
2641.540477
2641.540477
2641.540477
2641.540477
2641.540477
2641.540477
2641.540477
2641.540477
2641.461121
2640.636193
2640.636193
2640.636193
2640.151140
2639.812148
2639.584152
2637.597912
2636.777442
2635.266742
2635.266742
2635.266742
2635.266742
2634.844689
2634.844689
2633.289384
2633.289384
2633.289384
2631.872051
2630.031109
2630.031109
2630.031109
2627.930065
2627.930065
2627.498643
2625.228844
2625.228844
2625.228844
2625.228844
2625.228844
2625.228844
2625.228844
2625.228844
2625.228844
2624.705347
2623.644292
2623.034256
2621.564506
2621.564506
2618.488705
2618.488705
2618.488705
2618.488705
2616.861168
2616.861168
2615.904294
2614.547474
2614.244421
2613.300368
2613.300368
2613.300368
2613.039311
2611.173394
2611.173394
2609.783537
2609.108425
2606.261108
2599.938977
2599.880346
2599.880346
2599.433669
2596.543269
2596.543269
2595.259609
2595.259609
2595.259609
2595.259609
2595.259609
2595.259609
2592.966687
2592.966687
2592.966687
2592.966687
2592.315407
2581.160011
2579.221076
2579.221076
2579.221076
2579.221076
2579.221076
2577.966163
2577.966163
2577.312479
2571.742839
2571.742839
2571.664967
2571.266621
2571.266621
2569.657214
2569.657214
2569.657214
2569.204483
2568.224844
2568.224844
2568.224844
2567.985961
2567.985961
2567.708856
2567.541659
2567.541659
2567.541659
2567.541659
2567.541659
2567.420444
2567.366994
2567.225340
2567.225340
2567.225340
2567.225340
2567.225340
2567.225340
2567.225340
2567.167398
2567.167398
2567.167398
2567.167398
2567.167398
2567.167398
2567.155825
2567.118162
2567.118162
2567.118162
2567.106776
2567.106776
2567.065744
2567.065744
2567.065744
2567.065744
2567.065744
2567.065744
2567.057680
2567.057680
2567.057680
2567.057680
2567.057680
2567.057680
2567.047392
2567.046121
2567.046121
2567.046121
2567.046121
2567.040580
2567.029895
2567.029895
2567.029895
2567.029895
2567.029895
2567.027064
2567.027064
2567.024201
2567.024201
2567.015532
2567.015532
2567.013857
2567.013857
2567.013857
2567.013857
2567.013857
2567.013857
2567.013540
2567.013540
2567.013540
2567.013540
2567.011922
2567.008990
2567.005813
2567.005813
2567.005813
2567.005813
2567.005813
2567.005813
2567.005813
2567.005813
2567.005455
2567.005455
2567.004540
2567.004540
2567.004540
2567.004540
2567.004181
2567.004181
2567.003415
2567.003204
2567.003204
2567.003204
2567.003204
2567.002896
2567.002147
2567.002147
2567.002147
2567.002147
2567.001788
2567.001698
2567.001698
2567.001698
2567.001609
2567.001609
2567.001609
2567.001176
2567.001176
2567.001176
2567.001176
2567.001176
2567.001176
2567.001026
2567.001026
2567.001026
2567.000945
2567.000892
2567.000596
2567.000596
2567.000596
2567.000459
2567.000326
2567.000307
2567.000307
2567.000307
2567.000307
2567.000307
2567.000273
2567.000273
2567.000273
2567.000195
2567.000195
2567.000176
2567.000176
2567.000176
2567.000153
2567.000153
2567.000149
2567.000099
2567.000043
2567.000022
2566.999906
2566.999906
2566.999859
2566.999859
2566.999859
2566.999859
2566.999859
2566.999859
2566.999859
2566.999859
2566.999859
2566.999859
2566.999759
2566.999759
2566.999759
2566.999759
2566.999759
2566.999759
2566.999759
2566.999759
2566.999759
2566.999759
2566.999742
2566.999742
2566.999742
2566.999742
2566.999742
2566.999742
2566.999742
2566.999742
2566.999742
2566.999742
2566.999742
2566.999742
2566.999736
2566.999729
2566.999729
2566.999729
2566.999729
2566.999726
2566.999725
2566.999722
2566.999716
2566.999708
2566.999700
2566.999691
2566.999683
2566.999683
2566.999683
2566.999683
2566.999683
2566.999683
2566.999683
2566.999683
2566.999683
2566.999683
2566.999683
2566.999683
2566.999683
2566.999683
2566.999683
2566.999683
2566.999683
2566.999683
2566.999682
2566.999679
2566.999679
2566.999678
2566.999678
2566.999677
2566.999676
2566.999676
2566.999676
2566.999676
2566.999675
2566.999675
2566.999670
2566.999670
2566.999670
2566.999670
2566.999670
2566.999670
2566.999670
2566.999670
2566.999670
2566.999670
2566.999670
2566.999670
2566.999670
2566.999670
2566.999670
2566.999670
2566.999670
2566.999670
2566.999670
2566.999669
2566.999669
2566.999669
2566.999669
2566.999669
2566.999669
2566.999669
2566.999669
2566.999669
2566.999669
2566.999669
2566.999669
2566.999669
2566.999669
2566.999669
2566.999669
2566.999668
2566.999668
2566.999668
2566.999668
2566.999668
2566.999668
2566.999668
2566.999668
2566.999668
2566.999668
2566.999668
2566.999668
2566.999668
2566.999668
2566.999668
2566.999668
2566.999668
2566.999668
2566.999668
2566.999668
2566.999668
2566.999668
2566.999668
2566.999668
2566.999668
2566.999668
2566.999667
2566.999667
2566.999667
2566.999667
2566.999667
2566.999667
2566.999667
2566.999667
2566.999667
2566.999667
2566.999667
2566.999667
2566.999667
2566.999667
2566.999667
2566.999667
2566.999667
2566.999667
2566.999667
2566.999667
2566.999667
2566.999667
2566.999667
2566.999667
2566.999667
2566.999667
2566.999667
2566.999667
2566.999667
2566.999667
2566.999667
2566.999667
2566.999667
2566.999667
2566.999667
2566.999667
2566.999667
2566.999667
2566.999667
2566.999667
2566.999667
2566.999667
2566.999667
2566.999667
2566.999667
2566.999667
2566.999667
2566.999667
2566.999667
2566.999667
2566.999667
2566.999667
2566.999667
2566.999667
2566.999667
2566.999667
2566.999667
2566.999667
2566.999667
2566.999667
2566.999667
2566.999667
2566.999667
2566.999667
2566.999667
2566.999667
2566.999667
2566.999667
2566.999667
2566.999667
2566.999667
2566.999667
2566.999667
2566.999667
2566.999667
2566.999667
2566.999667
2566.999667
2566.999667
2566.999667
2566.999667
2566.999667
2566.999667
2566.999667
2566.999667
2566.999667
2566.999667
2566.999667
2566.999667
2566.999667
2566.999667
2566.999667
2566.999667
2566.999667
2566.999667
2566.999667
2566.999667
2566.999667
2566.999667
2566.999667
2566.999667
2566.999667
2566.999667
2566.999667
2566.999667
2566.999667
2566.999667
2566.999667
2566.999667
2566.999667
2566.999667
2566.999667
2566.999667
2566.999667
2566.999667
2566.999667
2566.999667
2566.999667
2566.999667
2566.999667
2566.999667
2566.999667
2566.999667
2566.999667
2566.999667
2566.999667
2566.999667
2566.999667
2566.999667
2566.999667
2566.999667
2566.999667
2566.999667
2566.999667
2566.999667
2566.999667
2566.999667
2566.999667
2566.999667
2566.999667
2566.999667
2566.999667
2566.999667
2566.999667
2566.999667
2566.999667
2566.999667
2566.999667
2566.999667
2566.999667
2566.999667
2566.999667
2566.999667
2566.999667
2566.999667
2566.999667
2566.999667
2566.999667
2566.999667
2566.999667
2566.999667
2566.999667
2566.999667
2566.999667
2566.999667
2566.999667
2566.999667
2566.999667
2566.999667
2566.999667
2566.999667
2566.999667
2566.999667
2566.999667
2566.999667
2566.999667
2566.999667
2566.999667
2566.999667
2566.999667
2566.999667
2566.999667
2566.999667
2566.999667
2566.999667
2566.999667
2566.999667
2566.999667
2566.999667
2566.999667
2566.999667
2566.999667
2566.999667
2566.999667
2566.999667
2566.999667
2566.999667
2566.999667
2566.999667
2566.999667
2566.999667
2566.999667
2566.999667
2566.999667
2566.999667
2566.999667
2566.999667
2566.999667
2566.999667
2566.999667
2566.999667
2566.999667
2566.999667
2566.999667
2566.999667
2566.999667
2566.999667
2566.999667
2566.999667
2566.999667
2566.999667
2566.999667
2566.999667
2566.999667
2566.999667
2566.999667
2566.999667
2566.999667
2566.999667
2566.999667
2566.999667
2566.999667
2566.999667
2566.999667
2566.999667
2566.999667
2566.999667
2566.999667
2566.999667
2566.999667
2566.999667
2566.999667
2566.999667
2566.999667
2566.999667
2566.999667
2566.999667
2566.999667
2566.999667
2566.999667
2566.999667
2566.999667
2566.999667
2566.999667
2566.999667
2566.999667
2566.999667
2566.999667
2566.999667
2566.999667
2566.999667
2566.999667
2566.999667
2566.999667
2566.999667
2566.999667
2566.999667
2566.999667
2566.999667
2566.999667
2566.999667
2566.999667
2566.999667
2566.999667
2566.999667
2566.999667
2566.999667
2566.999667
2566.999667
2566.999667
2566.999667
2566.999667
2566.999667
2566.999667
2566.999667
2566.999667
2566.999667
2566.999667
2566.999667
2566.999667
2566.999667
2566.999667
2566.999667
2566.999667
2566.999667
2566.999667
2566.999667
2566.999667
2566.999667
2566.999667
2566.999667
2566.999667
2566.999667
2566.999667
2566.999667
2566.999667
2566.999667
2566.999667
2566.999667
2566.999667
2566.999667
2566.999667
2566.999667
2566.999667
2566.999667
2566.999667
2566.999667
2566.999667
2566.999667
2566.999667
2566.999667
2566.999667
2566.999667
2566.999667
2566.999667
2566.999667
2566.999667
2566.999667
2566.999667
2566.999667
2566.999667
2566.999667
2566.999667
2566.999667
2566.999667
2566.999667
2566.999667
2566.999667
2566.999667
2566.999667
2566.999667
2566.999667
2566.999667
2566.999667
2566.999667
2566.999667
2566.999667
2566.999667
2566.999667
2566.999667
2566.999667
2566.999667
2566.999667
2566.999667
2566.999667
2566.999667
2566.999667
2566.999667
2566.999667
2566.999667
2566.999667
2566.999667
2566.999667
2566.999667
2566.999667
2566.999667
2566.999667
2566.999667
2566.999667
2566.999667
2566.999667
2566.999667
2566.999667
2566.999667
2566.999667
2566.999667
2566.999667
2566.999667
2566.999667
2566.999667
2566.999667
2566.999667
2566.999667
2566.999667
2566.999667
2566.999667
2566.999667
2566.999667
2566.999667
2566.999667
2566.999667
2566.999667
2566.999667
2566.999667
2566.999667
2566.999667
2566.999667
2566.999667
2566.999667
2566.999667
2566.999667
2566.999667
2566.999667
2566.999667
2566.999667
2566.999667
2566.999667
2566.999667
2566.999667
2566.999667
2566.999667
2566.999667
2566.999667
2566.999667
2566.999667
2566.999667
2566.999667
2566.999667
2566.999667
2566.999667
2566.999667
2566.999667
2566.999667
2566.999667
2566.999667
2566.999667
2566.999667
2566.999667
2566.999667
2566.999667
2566.999667
2566.999667
2566.999667
2566.999667
2566.999667
2566.999667
2566.999667
2566.999667
2566.999667
2566.999667
2566.999667
2566.999667
2566.999667
2566.999667
2566.999667
2566.999667
2566.999667
2566.999667
2566.999667
2566.999667
2566.999667
2566.999667
2566.999667
2566.999667
2566.999667
2566.999667
2566.999667
2566.999667
2566.999667
2566.999667
2566.999667
2566.999667
2566.999667
2566.999667
2566.999667
2566.999667
2566.999667
2566.999667
2566.999667
2566.999667
2566.999667
2566.999667
2566.999667
2566.999667
2566.999667
2566.999667
2566.999667
2566.999667
2566.999667
2566.999667
2566.999667
2566.999667
2566.999667
2566.999667
2566.999667
2566.999667
2566.999667
2566.999667
2566.999667
2566.999667
2566.999667
2566.999667
2566.999667
2566.999667
2566.999667
2566.999667
2566.999667
2566.999667
2566.999667
2566.999667
2566.999667
2566.999667
2566.999667
2566.999667
2566.999667
2566.999667
2566.999667
2566.999667
2566.999667
2566.999667
2566.999667
2566.999667
2566.999667
2566.999667
2566.999667
2566.999667
2566.999667
2566.999667
2566.999667
2566.999667
2566.999667
2566.999667
2566.999667
2566.999667
2566.999667
2566.999667
2566.999667
2566.999667
2566.999667
2566.999667
2566.999667
2566.999667
2566.999667
2566.999667
2566.999667
2566.999667
2566.999667
2566.999667
2566.999667
