2806.591153
2715.486974
2704.041871
2681.620302
2679.652043
2673.381418
2671.395842
2665.085137
2663.971641
2662.514545
2661.074560
2659.356301
2658.740146
2657.674275
2656.869064
2656.005276
2655.169993
2654.473585
2653.693500
2652.567503
2652.337497
2651.736845
2651.476511
2651.215850
2651.087151
2650.886530
2650.802002
2650.764531
2650.707806
2650.667183
2650.593401
2650.504057
2650.418261
2650.255599
2650.165116
2649.899932
2649.766116
2649.581929
2649.405177
2649.224612
2649.048781
2647.776327
2647.776327
2647.593885
2647.041984
2646.435583
2645.888443
2644.097219
2644.097219
2641.385550
2640.343780
2637.454824
2636.737762
2635.027273
2628.912728
2628.912728
2628.019150
2626.327502
2624.173477
2622.251909
2612.821418
2612.747918
2606.669094
2603.094439
2598.388060
2594.433061
2594.433061
2585.355827
2585.355827
2584.171100
2577.582940
2574.598241
2568.370735
2568.370735
2567.410836
2567.410836
2567.192502
2567.091817
2567.040156
2567.015778
2567.014521
2567.002774
2567.002774
2567.002774
2567.001704
2567.000410
2566.999973
2566.999841
2566.999841
2566.999805
2566.999765
2566.999722
2566.999714
2566.999693
2566.999677
2566.999671
2566.999671
2566.999671
2566.999669
2566.999669
2566.999669
2566.999668
2566.999668
2566.999668
2566.999668
2566.999667
2566.999667
2566.999667
2566.999667
2566.999667
2566.999667
2566.999667
2566.999667
2566.999667
2566.999667
2566.999667
2566.999667
2566.999667
2566.999667
2566.999667
2566.999667
2566.999667
2566.999667
2566.999667
2566.999667
2566.999667
2566.999667
2566.999667
2566.999667
2566.999667
2566.999667
2566.999667
2566.999667
2566.999667
2566.999667
2566.999667
2566.999667
2566.999667
2566.999667
2566.999667
2566.999667
2566.999667
2566.999667
2566.999667
2566.999667
2566.999667
2566.999667
2566.999667
2566.999667
2566.999667
2566.999667
2566.999667
2566.999667
2566.999667
2566.999667
2566.999667
2566.999667
2566.999667
2566.999667
2566.999667
2566.999667
2566.999667
2566.999667
2566.999667
2566.999667
2566.999667
2566.999667
2566.999667
2566.999667
2566.999667
2566.999667
2566.999667
2566.999667
2566.999667
2566.999667
2566.999667
2566.999667
2566.999667
2566.999667
2566.999667
2566.999667
2566.999667
2566.999667
2566.999667
2566.999667
2566.999667
2566.999667
2566.999667
2566.999667
2566.999667
2566.999667
2566.999667
2566.999667
2566.999667
2566.999667
2566.999667
2566.999667
2566.999667
2566.999667
2566.999667
2566.999667
2566.999667
2566.999667
2566.999667
2566.999667
2566.999667
2566.999667
2566.999667
2566.999667
2566.999667
2566.999667
2566.999667
2566.999667
2566.999667
2566.999667
2566.999667
2566.999667
2566.999667
2566.999667
2566.999667
2566.999667
2566.999667
2566.999667
2566.999667
2566.999667
2566.999667
2566.999667
2566.999667
2566.999667
2566.999667
2566.999667
2566.999667
2566.999667
2566.999667
2566.999667
2566.999667
2566.999667
