2719.451337
2659.115726
2654.046978
2649.853971
2646.474547
2645.778566
2643.807534
2641.621325
2640.902801
2640.250147
2639.557450
2638.738643
2637.875318
2637.646613
2636.503297
2635.838679
2634.679902
2632.669267
2631.934534
2627.634903
2627.634903
2621.616217
2621.616217
2617.295905
2617.295905
2612.281414
2600.574517
2593.690055
2593.690055
2593.690055
2593.690055
2593.690055
2592.113619
2579.670181
2579.403032
2573.920751
2569.712575
2568.874492
2568.027088
2567.382196
2567.382196
2567.052871
2567.052871
2567.052871
2567.038034
2567.038034
2567.038034
2567.011959
2567.011959
2567.011959
2567.011168
2567.006000
2567.006000
2567.006000
2567.006000
2567.006000
2567.004469
2567.003007
2567.002231
2567.002231
2567.001043
2567.001043
2567.001043
2567.001043
2567.000901
2567.000649
2567.000486
2567.000486
2567.000431
2567.000181
2567.000181
2567.000076
2567.000076
2566.999976
2566.999860
2566.999860
2566.999780
2566.999780
2566.999770
2566.999759
2566.999752
2566.999709
2566.999709
2566.999709
2566.999700
2566.999700
2566.999700
2566.999688
2566.999688
2566.999688
2566.999686
2566.999684
2566.999682
2566.999679
2566.999677
2566.999677
2566.999677
2566.999675
2566.999674
2566.999673
2566.999673
2566.999672
2566.999669
2566.999669
2566.999669
2566.999669
2566.999669
2566.999668
2566.999668
2566.999668
2566.999668
2566.999668
2566.999668
2566.999668
2566.999668
2566.999668
2566.999668
2566.999667
2566.999667
2566.999667
2566.999667
2566.999667
2566.999667
2566.999667
2566.999667
2566.999667
2566.999667
2566.999667
2566.999667
2566.999667
2566.999667
2566.999667
2566.999667
2566.999667
2566.999667
2566.999667
2566.999667
2566.999667
2566.999667
2566.999667
2566.999667
2566.999667
2566.999667
2566.999667
2566.999667
2566.999667
2566.999667
2566.999667
2566.999667
2566.999667
2566.999667
2566.999667
2566.999667
2566.999667
2566.999667
2566.999667
2566.999667
2566.999667
2566.999667
2566.999667
2566.999667
2566.999667
2566.999667
2566.999667
2566.999667
2566.999667
2566.999667
2566.999667
2566.999667
2566.999667
2566.999667
2566.999667
2566.999667
2566.999667
2566.999667
2566.999667
2566.999667
2566.999667
2566.999667
2566.999667
2566.999667
2566.999667
2566.999667
2566.999667
2566.999667
2566.999667
2566.999667
2566.999667
2566.999667
2566.999667
2566.999667
2566.999667
2566.999667
2566.999667
2566.999667
2566.999667
2566.999667
2566.999667
2566.999667
2566.999667
2566.999667
2566.999667
2566.999667
2566.999667
2566.999667
2566.999667
2566.999667
2566.999667
2566.999667
2566.999667
2566.999667
2566.999667
2566.999667
2566.999667
2566.999667
2566.999667
2566.999667
2566.999667
2566.999667
2566.999667
2566.999667
2566.999667
2566.999667
2566.999667
2566.999667
2566.999667
2566.999667
2566.999667
2566.999667
2566.999667
2566.999667
2566.999667
2566.999667
2566.999667
2566.999667
2566.999667
2566.999667
2566.999667
2566.999667
2566.999667
2566.999667
2566.999667
2566.999667
2566.999667
2566.999667
2566.999667
2566.999667
2566.999667
2566.999667
2566.999667
2566.999667
2566.999667
2566.999667
2566.999667
2566.999667
2566.999667
2566.999667
