2822.340492
2761.267399
2708.395272
2688.573567
2673.960481
2665.742301
2653.961496
2651.624105
2650.201834
2649.130942
2646.940683
2640.829350
2638.724449
2638.724449
2636.243402
2633.746728
2632.709599
2627.778283
2624.522561
2622.145685
2619.382109
2614.098006
2609.793163
2605.693629
2604.797816
2592.962745
2588.937765
2582.196763
2575.625310
2573.403806
2570.773972
2570.250461
2567.531807
2567.531807
2567.531807
2567.458780
2567.130160
2567.064313
2567.031643
2567.031643
2567.014281
2567.013932
2567.003985
2567.001914
2567.001914
2567.001351
2567.000639
2567.000592
2566.999939
2566.999939
2566.999750
2566.999738
2566.999685
2566.999685
2566.999682
2566.999670
2566.999670
2566.999670
2566.999670
2566.999670
2566.999670
2566.999670
2566.999669
2566.999669
2566.999669
2566.999668
2566.999668
2566.999668
2566.999668
2566.999668
2566.999668
2566.999667
2566.999667
2566.999667
2566.999667
2566.999667
2566.999667
2566.999667
2566.999667
2566.999667
2566.999667
2566.999667
2566.999667
2566.999667
2566.999667
2566.999667
2566.999667
2566.999667
2566.999667
2566.999667
2566.999667
2566.999667
2566.999667
2566.999667
2566.999667
2566.999667
2566.999667
2566.999667
2566.999667
2566.999667
2566.999667
2566.999667
2566.999667
2566.999667
2566.999667
2566.999667
2566.999667
2566.999667
2566.999667
2566.999667
2566.999667
2566.999667
2566.999667
2566.999667
2566.999667
2566.999667
2566.999667
2566.999667
2566.999667
2566.999667
2566.999667
2566.999667
2566.999667
2566.999667
2566.999667
2566.999667
2566.999667
2566.999667
2566.999667
2566.999667
2566.999667
2566.999667
2566.999667
2566.999667
2566.999667
2566.999667
2566.999667
2566.999667
2566.999667
2566.999667
2566.999667
2566.999667
2566.999667
2566.999667
2566.999667
2566.999667
2566.999667
2566.999667
2566.999667
2566.999667
2566.999667
2566.999667
2566.999667
2566.999667
2566.999667
2566.999667
2566.999667
2566.999667
2566.999667
2566.999667
2566.999667
2566.999667
2566.999667
2566.999667
2566.999667
2566.999667
2566.999667
2566.999667
2566.999667
2566.999667
2566.999667
2566.999667
2566.999667
2566.999667
2566.999667
2566.999667
2566.999667
2566.999667
2566.999667
2566.999667
2566.999667
2566.999667
2566.999667
2566.999667
2566.999667
2566.999667
2566.999667
2566.999667
2566.999667
2566.999667
2566.999667
2566.999667
2566.999667
2566.999667
2566.999667
2566.999667
2566.999667
2566.999667
2566.999667
2566.999667
2566.999667
2566.999667
2566.999667
2566.999667
2566.999667
2566.999667
2566.999667
2566.999667
2566.999667
2566.999667
2566.999667
2566.999667
2566.999667
2566.999667
2566.999667
