15670.5676430834319035 0.2497240523158088 1570.2379952705034611 0.0000000000000000 0.4904635419507630 8944.1396669738205674 2566.9996671939197768 0.000007 63.981929 

15670.5677226982388675 0.2497241023170030 1570.2382252601680648 0.0000000000001328 0.4904630656192919 8944.1407105317448440 2566.9996671931116907 0.000007 69.035725 

15670.5676988802078995 0.2497240454477802 1570.2380484865359449 0.0000000000000588 0.4904634880025567 8944.1392483905965491 2566.9996671936028179 0.000007 72.327001 

15670.5677791722173424 0.2497240945424884 1570.2382449710835317 0.0000000000000019 0.4904631999280072 8944.1404587308479677 2566.9996671928947762 0.000007 70.079914 

15670.5677288719398348 0.2497240686204082 1570.2380858168980922 0.0000000000000313 0.4904634903567644 8944.1402749922217481 2566.9996671935709855 0.000007 68.744118 

15670.5680123233432823 0.2497240400108466 1570.2378677618587517 0.0000000000000000 0.4904637449294807 8944.1404231717806397 2566.9996671935268751 0.000007 77.080319 

15670.5672290106704168 0.2497240369141046 1570.2379460882193598 0.0000000000000000 0.4904636267280676 8944.1393338009856961 2566.9996671932167374 0.000007 66.058553 

15670.5678345567812357 0.2497240913404491 1570.2384466864314163 0.0000000000000033 0.4904632703855926 8944.1397901732907485 2566.9996671933840844 0.000007 69.387164 

15670.5676790112793242 0.2497240551955602 1570.2380179775279885 0.0000000000001757 0.4904635721644498 8944.1401017032985692 2566.9996671935728045 0.000007 65.225296 

15670.5663492347721331 0.2497243776961245 1570.2394960661836194 0.0000000000000743 0.4904610411083217 8944.1455312419766415 2566.9996671931530727 0.000006 77.895416 

15670.5669546274184540 0.2497240913015213 1570.2383042023016060 0.0000000000000170 0.4904632130702860 8944.1396530525707931 2566.9996671932021854 0.000007 78.024694 

