15677.3520131017648964 0.2114274816771421 1760.5411922718383266 0.9515323901764368 49.9999998679203586 10463.6071158270442538 2649.8469476990139810 1.014028 72.614215 

15677.3369026454802224 0.2114283646927445 1760.5394522734920884 0.9515126180423114 49.9999999301898370 10463.6273406333857565 2649.8469478313936634 1.014027 63.987410 

15677.3356091603764071 0.2114283062686343 1760.5296807188428829 0.9514954990685126 49.9999985358118408 10463.6258139011697494 2649.8469478054598767 1.014027 60.657672 

15677.3433272684942494 0.2114278924135861 1760.5413109724706828 0.9515267012241374 49.9999999984629611 10463.6165839482291631 2649.8469477373632799 1.014028 65.217203 

15677.3460939278793376 0.2114284049038417 1760.5238411583313791 0.9514798009300767 50.0000000000000000 10463.6301295733283041 2649.8469479036652956 1.014027 67.361336 

15677.3457000035650708 0.2114275422824829 1760.5426593829406556 0.9515335181569743 50.0000000000000000 10463.6079917714487237 2649.8469477416833797 1.014028 74.594107 

15677.3424384085683414 0.2114279878220088 1760.5401186737187800 0.9515220396654704 49.9999998572314865 10463.6188332907368022 2649.8469477366684259 1.014028 74.884813 

15677.3386450333055109 0.2114281864192022 1760.5365459703182296 0.9515129753305350 49.9999999848744707 10463.6230340128331591 2649.8469477592120711 1.014027 71.089330 

15677.3343241659058549 0.2114281573891724 1760.5409519271424870 0.9515191428062487 50.0000000000000000 10463.6214476656205079 2649.8469477778530745 1.014028 65.050925 

15677.3498073146474781 0.2114279054144165 1760.5381123658139586 0.9515200620313052 50.0000000000000000 10463.6180514790157758 2649.8469477326552806 1.014028 63.955806 

15677.3374215345975244 0.2114281443979600 1760.5320426792379749 0.9515011997390311 49.9999998774723124 10463.6218791909450374 2649.8469477602616280 1.014027 62.565639 

15677.3521399370856670 0.2114272621267943 1760.5411430684112020 0.9515369303497039 50.0000000000000000 10463.6019228719287639 2649.8469477607231966 1.014028 78.661799 

15677.3350249351933599 0.2114281601077846 1760.5372156495222953 0.9515124738485278 49.9999999799340600 10463.6217931477222010 2649.8469477467897377 1.014028 73.662787 

15677.3428056737047882 0.2114281235241156 1760.5387539686598757 0.9515168476994353 49.9999999795927934 10463.6218842639864306 2649.8469477302269297 1.014028 67.805384 

15677.3542387516936287 0.2114274000614839 1760.5450555541549420 0.9515422359800487 50.0000000000000000 10463.6055651219921856 2649.8469477591897885 1.014028 58.250633 

15677.3416955083812354 0.2114278751739908 1760.5389242983660552 0.9515233014436929 49.9999999937952708 10463.6158304331020190 2649.8469477294665921 1.014028 72.860899 

15677.3400322824600153 0.2114281972188398 1760.5373666752029749 0.9515138670715172 49.9999999845943890 10463.6233806575401104 2649.8469477527792151 1.014027 70.833502 

15677.3446356046224537 0.2114278511539987 1760.5421070648699242 0.9515296686662443 49.9999999980148644 10463.6155608590561314 2649.8469477465700948 1.014028 71.438397 

15677.3551924915263953 0.2114272444867855 1760.5422782583066237 0.9515400408550301 49.9999999999813411 10463.6016771990962297 2649.8469477598073354 1.014028 78.217238 

15677.3517246093142603 0.2114275481734224 1760.5456042043435900 0.9515400730384308 50.0000000000000000 10463.6090679093867948 2649.8469477576609279 1.014028 71.825236 

15677.3416140007502690 0.2114279810136486 1760.5369865795580608 0.9515174648659723 49.9999999951673004 10463.6160557239727495 2649.8469476531640794 1.014028 89.896771 

15677.3364760671374825 0.2114282288628650 1760.5311514338752659 0.9515000705171718 49.9999999645892004 10463.6240415897409548 2649.8469477565299712 1.014027 87.049720 

15677.3569171294511762 0.2114272388114267 1760.5464780130207600 0.9515474910098457 49.9999998810975725 10463.6020361187784147 2649.8469478069059733 1.014029 76.410244 

15677.3434522937695874 0.2114280011278154 1760.5363812211332970 0.9515156880083464 49.9999999688727712 10463.6192508521126001 2649.8469477234343685 1.014028 90.643708 

15677.3421463832200971 0.2114280851037214 1760.5382001805057826 0.9515167433700209 49.9999999999345874 10463.6211811953380675 2649.8469477351709429 1.014028 88.154871 

15677.3336823364770680 0.2114282949797347 1760.5334675599578986 0.9515057616220198 50.0000000000000000 10463.6248908612160449 2649.8469477897483557 1.014027 65.705865 

15677.3423395733098005 0.2114280216218338 1760.5375989772207959 0.9515161059347739 50.0000000000000000 10463.6193548147184629 2649.8469477012690731 1.014028 67.635114 

15677.3413658848203340 0.2114280474004855 1760.5372343200215255 0.9515148168158184 50.0000000000000000 10463.6198913996377087 2649.8469477056428332 1.014028 69.825580 

15677.3448817529369990 0.2114276703969681 1760.5394104690635686 0.9515273872703138 50.0000000000000000 10463.6123563214405294 2649.8469477843204913 1.014028 72.223222 

15677.3482204050960718 0.2114277490143431 1760.5376899015038816 0.9515221655680590 49.9999999970221438 10463.6135340366490709 2649.8469476942359506 1.014028 83.975385 

15677.3363299363445549 0.2114281759019649 1760.5401841133921153 0.9515186334962946 49.9999999933206922 10463.6223829746631964 2649.8469477666044440 1.014028 67.169370 

15677.3384339365547930 0.2114281029568758 1760.5378067348153763 0.9515161465879928 49.9999999904691137 10463.6210062832524272 2649.8469477380122044 1.014028 66.758051 

15677.3377238808334369 0.2114279669825054 1760.5412478014281987 0.9515251388598396 49.9999999923400864 10463.6171652052544232 2649.8469477312751224 1.014028 68.235752 

15677.3449831375037320 0.2114279510081876 1760.5357030247525927 0.9515148615734172 49.9999999996163638 10463.6195500366866327 2649.8469477822327462 1.014028 80.829610 

15677.3459844119461195 0.2114280644877142 1760.5421886332196664 0.9515242378584586 50.0000000000000000 10463.6213627327488211 2649.8469477810599528 1.014028 72.623035 

15677.3468119180197391 0.2114277752146541 1760.5381876081200971 0.9515238625781419 49.9999999923112952 10463.6140722966174508 2649.8469477271455617 1.014028 80.226795 

15677.3427818094587565 0.2114279037111843 1760.5395899686445773 0.9515226148419478 50.0000000000000000 10463.6165486685385986 2649.8469477065200408 1.014028 72.817432 

15677.3500139284024044 0.2114277684755115 1760.5380790185843125 0.9515222658929002 49.9999999699951232 10463.6146273585982271 2649.8469477139492483 1.014028 75.569940 

15677.3490032042300300 0.2114274979718343 1760.5387542266926175 0.9515285981816229 50.0000000000000000 10463.6085387393977726 2649.8469477882981664 1.014028 91.842499 



