0.0010000000000000 15668.1232503730789176
0.0028000000000000 15663.7361178021928936
0.0060400000000000 15655.8486721945482714
0.0118720000000000 15641.6816184121689730
0.0223696000000000 15616.2787565454109426
0.0412652800000000 15570.8677384036618605
0.0752775040000000 15490.1293389891416155
0.1364995072000000 15347.9522527909957716
0.2466991129600000 15101.7336759869012894
0.4450584033280000 14687.2438572179125913
0.8021051259904000 14020.5999673878941394
1.0000000000000000 13688.0162523481667449
1.3562107732172801 13143.3435983401177509
1.9973901650083843 12298.0362316368991742
2.0000000000000000 12294.8787368116372818
2.0046977029849082 12289.2002182034193538
2.0131535683577431 12278.9949357317691465
2.0283741260288459 12260.6770927186298650
2.0557711298368311 12227.8704029628079297
2.1050857366912044 12169.3430095005151088
2.1938520290290762 12065.6288674661900586
2.3536313552372454 11883.8779053894613753
2.6412341424119496 11570.7194955241666321
3.0000000000000000 11200.2872709326675249
3.6457785436584906 10569.0956721270249545
4.0000000000000000 10230.0519020627307327
4.5421279405732031 9697.6060976051849138
5.0000000000000000 9203.8560244276122830
5.2191532812014820 8936.3605895180244261
5.5670135064348036 8448.9927698350275023
6.0000000000000000 7775.4141216074713157
6.4280471795850911 7084.4791994139586677
6.9847690693183742 6191.6005012666000766
7.0000000000000000 6167.4969169187261286
7.0274156752269263 6124.1633451055995465
7.0767638906353945 6046.3368599942614310
7.1655906783706360 5906.8253776822175496
7.3254788962940713 5657.6203106008961186
7.6132776885562556 5215.3261600506093600
8.0000000000000000 4633.1260347602192269
8.6961001605987391 3613.5012186256080895
9.0000000000000000 3176.0164748581960339
9.5470197109222692 2392.6365007042618345
10.0000000000000000 1740.8918423923757928
10.8153645203399158 535.6298511601322616
11.0000000000000000 252.8477926286529396
