15673.9524486911141139 0.2491220965993952 1568.8052447155389473 0.0000000000000000 0.4943042954703304 8926.9247713266977371 2567.0123410120972949 0.002897 67.712911 

15479.4364268750141491 0.2524859049032600 1531.6803776069587002 0.0000000000000000 0.4482879340958199 9166.1397966428776272 2619.5705089313610188 0.042671 9.649489 

15677.2257097691945091 0.2114666434109223 1760.3433532122789984 0.9503103269360176 47.8505619117890362 10460.9675907062537590 2649.8908215301294149 0.972037 44.734425 

15673.9900565960560925 0.2116331879439409 1759.5206372237757932 0.9455653186581290 43.5755686611364084 10456.4932999160846521 2649.9782425790408524 0.888698 33.428837 

15673.8896732145476562 0.2491136387842138 1568.7323825815201417 0.0000000000000000 0.4944326491003978 8927.0018718871870078 2567.0123439244971451 0.002932 64.366253 

15675.5238111579910765 0.2118937672314698 1757.4954495152778691 0.9358490329293506 32.6163965179263329 10435.2589987389364978 2650.2752104463938849 0.677688 44.805853 

15673.7747803666534310 0.2491295172654633 1568.8546255321789431 0.0000000000000000 0.4942776771582370 8926.9830885713035968 2567.0123577913354893 0.002856 63.560233 

15674.2368741737373057 0.2490872302314580 1568.5300400308037752 0.0000000000000000 0.4947079463437308 8927.1017002598218824 2567.0124121288886272 0.003065 62.190011 

15674.0548278110964020 0.2490895050593245 1568.5402561070607135 0.0000000000000000 0.4947196900783499 8927.1332472425347078 2567.0123970712293158 0.003047 66.303743 

16486.9059514632681385 0.2981658842685312 2730.7493572215857967 0.4797469901562335 0.1012424329970338 5194.4997698730921911 3262.7505495767381944 0.540014 9.737013 

15673.9016713414584956 0.2490961465172524 1568.5817226006313376 0.0000000000000000 0.4946882079159496 8927.1755550848411076 2567.0123811838066104 0.003010 64.830078 

15675.8430077248049201 0.2117897636968035 1758.0695178835019306 0.9390638080501039 35.3874844754756097 10441.0814034929917398 2650.1945572113086200 0.730640 44.053985 

15670.4978089556061605 0.2497456925081747 1570.3450472938554867 0.0000000000000000 0.4902617013242928 8944.4278217965111253 2566.9996798572424268 0.000101 55.891574 

15677.0022543926097569 0.2115120405895037 1759.8608349126054691 0.9483483664627037 45.7208667919432301 10458.1492193313933967 2649.9365229429822648 0.930500 43.664062 

15670.7302604311953473 0.2497039682370192 1570.1459849952091190 0.0000000000000000 0.4906242793166403 8943.8287167074886383 2566.9996792699257639 0.000104 55.793985 

15751.9000080894311395 0.2996436429032603 2069.9375165383289641 0.0000000000000000 0.1297391502470822 7603.3330986108185243 2895.8143129989471163 0.294250 10.905049 

15674.1497666269551701 0.2490887091854716 1568.5374708009546794 0.0000000000000000 0.4947111643985787 8927.1202080977036530 2567.0124011078937656 0.003055 67.732767 

15672.2390272913853551 0.2127011120140559 1752.4898558928023249 0.9100010235698501 20.0090833963963064 10394.3938737066855538 2650.6880174366792744 0.443437 42.027438 



